0 0.16188826650943397 0.14094449853943528 0.8399543042452831 0.8468841285296982
2 0.3378537735849057 0.1822585074775922 0.3462769541778976 0.18743022637861975
2 0.43698812979473367 0.1813668318050012 0.444439404934688 0.18564687503343782
2 0.5481093199253577 0.1836851885537377 0.553616784159237 0.18725189124410155
2 0.5510250362844703 0.1909969290689836 0.557828374455733 0.1945636317593474
2 0.6553428882438316 0.18725189124410155 0.6621462264150944 0.19171026960705634
2 0.6459478021978022 0.23986075592696818 0.6553428882438316 0.24467580455895938
2 0.5458415405349368 0.22523727489647644 0.5526448787061995 0.22987398839394946
2 0.7651682044370723 0.23896908025437724 0.7739153535144101 0.2444974694244412
2 0.6631181318681318 0.2940746368204985 0.6695975015550487 0.29906802058700793
2 0.5465579387682449 0.30460583123587665 0.5536779102883588 0.30877012486756933
2 0.43951688379754417 0.24523062497746043 0.4470041554357592 0.24915895169059724
2 0.3276133159835177 0.2494655787977482 0.33689817826935586 0.25334549537954165
2 0.22936017346839707 0.2409500379407234 0.2365408265639665 0.24423470805128314
2 0.23940712426805466 0.3604489138098915 0.24614203806115814 0.3649956910541808
2 0.4425982026675342 0.3556922853081736 0.4503497072218608 0.36037896339074865
2 0.23413915094339624 0.4162609542356378 0.24044811320754716 0.4199285946121389
2 0.3263561320754717 0.4203829925348913 0.33431603773584906 0.4246024018175917
2 0.33820754716981133 0.41603375527426156 0.3456957547169811 0.4206426484907498
2 0.4385405105438402 0.4169005479504363 0.447142064372919 0.4214827118773507
2 0.5456437291897891 0.42178818947247837 0.5525804661487236 0.4256066594115738
2 0.634850166481687 0.4190388911163297 0.6412319644839067 0.4230100998529889
2 0.35334320341550746 0.46600307512254285 0.3615204517284121 0.46967521683404523
2 0.44393850709268695 0.47050441012373934 0.4519005646605151 0.47559802604614576
2 0.5440022035532296 0.47121514722919133 0.550673116650599 0.47547956986190376
2 0.6660153560115687 0.4771379564412919 0.6733318413441675 0.4816392914424883
2 0.7512308910618372 0.5328123630350369 0.7583321856493596 0.5366029609307813
2 0.6298633108387274 0.5351814867198772 0.6384709406417849 0.5388536284313795
2 0.5405591516320066 0.5261788167174843 0.5476604462195289 0.5311539764556488
2 0.4413562181517697 0.5304432393501968 0.44953346646467424 0.5348261181671511
2 0.33203931965294037 0.5306801517186808 0.34043175871092135 0.5355368552726032
1 0.3451659551026029 0.5634925147537178 0.35743182757195974 0.5679938497549141
2 0.3449507643575265 0.5753381331779188 0.35248244043520177 0.5794840996263891
2 0.4443688885828398 0.5772334321257909 0.4529765183858972 0.5813793985742614
2 0.5431770910711633 0.5796090848916525 0.551379190808696 0.5831018323293814
2 0.6341739711781311 0.5896613823953604 0.6422213143168425 0.5935800746425685
2 0.7361585698014163 0.5834425881769648 0.7440511563413064 0.5880427921193395
2 0.3313132575284269 0.6421336927246895 0.3387323503686118 0.646110211916231
2 0.5308478070723479 0.6371899121081785 0.539243096338873 0.6412739047913832
2 0.6407675246782456 0.6419187457413629 0.6474056603773585 0.646540105882884
2 0.7409252780207423 0.639231908449781 0.7487348494314632 0.6436383216079754
2 0.3338970953326713 0.6962794034746066 0.3405691410129096 0.7005500606433317
2 0.444994414101291 0.6922649857360049 0.4522871151936445 0.6968772954782281
2 0.5418166583912611 0.6997813423529612 0.5484887040714995 0.7046498915253078
2 0.6369321002979146 0.6909837885853874 0.6456212760675273 0.6947419668938656
2 0.739029915590864 0.6950836194673635 0.746632944389275 0.6999521686397102
2 0.24259588617383235 0.7484263678494846 0.2501353232291989 0.7530022719896138
2 0.33132926074853075 0.7438504637093555 0.3411885245901639 0.7489584497262438
2 0.44152103309619545 0.7494905316030029 0.4492537890504176 0.7538536029924284
2 0.5387604392205382 0.744169712835411 0.5474597896690381 0.7491712824769475
2 0.6336800185586142 0.746830122219207 0.642379369007114 0.7516188591100398
2 0.7260864522115681 0.7500226134797622 0.7355590782554902 0.7566204287515762
2 0.2492397539567351 0.8050047972151185 0.2574469555601631 0.8110681917887371
2 0.4321739581173544 0.8048859071254397 0.4393012647729629 0.8099981809816279
2 0.5390835579514826 0.8040536764976881 0.5470747805653465 0.8092848404435552
2 0.6570080862533693 0.8075014890983732 0.6645673508881056 0.8126137629545613
2 0.7684532448683392 0.8064314782912642 0.7764444674822033 0.8115437521474523
