0 0.1459247076023392 0.019142909356725142 0.8342775341130605 0.983141447368421
1 0.22501906941266206 0.07389397406559878 0.23550724637681159 0.08247520976353927
1 0.3302186625985253 0.06507437070938214 0.34197813374014746 0.07270213577421815
1 0.4217518433765573 0.061737223493516395 0.43287566742944306 0.07008009153318077
1 0.4204805491990846 0.08485888634630052 0.4316043732519705 0.09248665141113653
1 0.5136028476989575 0.06960335621662853 0.5250444952962114 0.0798531655225019
1 0.6395012400110223 0.06901005786718106 0.6513655430023575 0.07719068613943238
1 0.7273353540920363 0.08149627996693305 0.7372860598267046 0.09025098741618445
1 0.24176954732510286 0.14201591942820013 0.2524637210309725 0.1499350227420403
1 0.3269168291098115 0.13440139701104614 0.3386939571150097 0.1423205003248863
1 0.3086370527890996 0.1670377015771753 0.31848209187390475 0.17479066985645936
1 0.43990183792815374 0.15092853661932615 0.4499820152232433 0.15843428014480654
1 0.5330530749255812 0.12934044271328146 0.5442686891717863 0.13864280511748692
1 0.6330699643211518 0.12468926151117872 0.643757784955771 0.13379370131103938
1 0.7336146473283087 0.12844979099372986 0.7454900035889966 0.13696046298055614
1 0.23701931596668435 0.2201289207868155 0.24787347155768205 0.2291002126528442
1 0.3395800106326422 0.22345162147793726 0.34844054580896683 0.23009702286018074
1 0.34356725146198824 0.22129186602870812 0.3522062732589048 0.22926634768740028
1 0.3626174020910863 0.21381578947368418 0.36793372319688106 0.22079346092503985
1 0.4958469181804067 0.2122632355224344 0.5028010660870464 0.21832789939450392
1 0.5246338560264969 0.2219666977177457 0.5325583501526677 0.2302146405837603
1 0.6198368286616925 0.1866492740471869 0.6259284465954158 0.19468390804597696
1 0.6250882234321437 0.2069721718088324 0.6349608456005916 0.2153218894938495
1 0.7154649835972043 0.1933568677792041 0.7266973327628014 0.20084510055626872
1 0.23917851062254797 0.2916319675771708 0.24796894662817381 0.2983982900288697
1 0.31875508919979273 0.2829571952031979 0.330090125101784 0.29024400399733513
1 0.4297921755866459 0.29805129913391076 0.43927659338218966 0.3065525760604042
1 0.5375906802872159 0.2999597490561848 0.5470750980827596 0.3091550077725961
1 0.6312782219261233 0.29926576726626697 0.640993966984973 0.3079405396402398
1 0.6416879487748908 0.28989701310237626 0.653254311940188 0.29822479458139023
1 0.7540781779008926 0.26642813173284086 0.7622537703908894 0.27604647583871955
1 0.7385285215963885 0.2860255078485687 0.7513529804042268 0.29576408125577097
1 0.2522111663902708 0.39195470018329404 0.26366704489249654 0.3979553984463646
1 0.34694946321026443 0.37381622588810326 0.3544048762037764 0.3813170987169415
1 0.37549823979517616 0.3491315353059265 0.3802260626691106 0.3582689622065113
1 0.4411422420063425 0.381998996246836 0.45150708446073723 0.3882724535218643
1 0.5358805388263361 0.3794077856332373 0.546427220622036 0.38704503796805445
1 0.6231634226528178 0.36195120886794097 0.6315280323528555 0.37122501527450463
1 0.7313578307293939 0.37245243082831453 0.738995083064211 0.3804988216810683
1 0.7253571324663233 0.37436174391201876 0.73263070611853 0.3825445142707515
1 0.4393636476349886 0.4520527245676027 0.44995402227594905 0.4591237369040977
1 0.5350644721343997 0.4481781972599343 0.5455256958651045 0.4543774409522038
1 0.638385200338892 0.44914682908685133 0.6497504804413862 0.4570896100675717
1 0.735119232120348 0.4470158390676337 0.7453221540305416 0.45389312503874524
1 0.33275462962962965 0.5224038285818714 0.34322459795321636 0.5296852156432749
1 0.43250487329434706 0.5279719480994153 0.4427844785575049 0.5356816520467836
1 0.5341587475633529 0.525687591374269 0.5446287158869396 0.5333972953216375
1 0.6388584307992203 0.5291141264619883 0.6502802144249513 0.5378232364766082
1 0.7399567759979659 0.5381812017967625 0.7517868745938923 0.544934952114586
1 0.22653359589449812 0.6019513068385249 0.23734932569519032 0.6098952738990332
1 0.3279441955953714 0.60059140537514 0.33630396914271493 0.6083193355729749
1 0.33467530767216547 0.5760670332547787 0.34613118617439115 0.5817949725058915
1 0.4394147682639434 0.5965239591516103 0.44950685170638033 0.6045021602513746
1 0.5362442175089465 0.608593545430741 0.5493366500829187 0.6165717465305054
1 0.5048769311338046 0.6186174391201884 0.5119686654447063 0.6272093479968577
1 0.6352557388496115 0.6071615606179628 0.6472571353757528 0.6155489002356638
1 0.7318124290826569 0.5989787902592302 0.742722789560967 0.6069569913589945
1 0.23326775885792914 0.6766398993808048 0.24778014275885796 0.6855085784313725
1 0.32571701926384594 0.6802679953560371 0.3386169160646715 0.6897413570691434
1 0.3270607585139319 0.7532330366357068 0.3386169160646715 0.7596829850361196
1 0.41951001891984874 0.7594814241486068 0.42972243722050235 0.7675438596491229
1 0.2192928706570348 0.7639157636738906 0.22413033195734436 0.7707688338493291
1 0.531389748882009 0.6846297729618162 0.5434296525627794 0.6930147058823529
1 0.6401788785689715 0.6804373065015479 0.6504987960096319 0.6897897316821464
1 0.5337560993779566 0.7685914627332663 0.5439993295340262 0.7766230863783662
1 0.6275747755801393 0.7650994524527879 0.6350243975118264 0.773131076097888
1 0.32357992884308673 0.8309601582627898 0.3348259927207296 0.8370943749233222
1 0.4140596245859404 0.8459123113728376 0.4232609495767391 0.8551136363636364
1 0.523197562671247 0.8418867316893632 0.5326544800229012 0.8507046681388786
1 0.6336134625608311 0.8468707827260459 0.6433259722733408 0.8556887191755613
1 0.7302273749642171 0.7652090234327076 0.7391731075941602 0.7732601827996565
1 0.30376868096166343 0.9100877192982456 0.3135152696556205 0.9170930799220273
1 0.4231643924626381 0.9213572124756335 0.43169265756985054 0.9301900584795321
1 0.5303768680961664 0.9183114035087719 0.539311241065627 0.926230506822612
