0 0.17181408382066274 0.03970211988304093 0.8327546296296295 0.9728618421052632
1 0.25793192777264795 0.10339719913819637 0.26867241202421255 0.10976935210834102
1 0.2693136349646045 0.10243536472760847 0.27716861598440545 0.11025026931363496
1 0.340809992818303 0.09822733918128654 0.35155047706986764 0.1068838488765774
1 0.35748178926849283 0.09798688057863957 0.36549707602339176 0.1053208679593721
1 0.25616856468657023 0.16639735303170206 0.265145685852057 0.17385156971375804
1 0.25424489586539445 0.1714469836872884 0.265145685852057 0.17805959526008
1 0.3621306555863342 0.16170841028008615 0.37495511439417256 0.1696435441674361
1 0.37206961116240894 0.15894313634964602 0.3813673437980916 0.16711872883964296
1 0.4460415454117126 0.09821651284609628 0.45678126992045676 0.1044524819156897
1 0.45905079055663855 0.1645802875243665 0.46886506389430366 0.17156026640675764
1 0.5448343079922028 0.16666666666666666 0.5562865497076024 0.17470760233918128
1 0.5448343079922028 0.09612573099415206 0.5545808966861598 0.1032529239766082
1 0.6451404117933723 0.10922080592105263 0.6559911062378168 0.11621664839181288
1 0.6588465521442496 0.16204655519005848 0.668364705165692 0.16918516995614036
1 0.6573236476608187 0.16533031798245615 0.6668418006822613 0.17218338815789475
1 0.243805564006355 0.2457598113781564 0.2537352533549674 0.25384088834803775
1 0.26491868357023945 0.24668651555897042 0.2737226277372263 0.255690549366116
1 0.35215776667947235 0.23288033038801384 0.3622956417808511 0.24088391599436548
1 0.35002347718444526 0.242284543475477 0.3588274213514321 0.2500880394416699
1 0.4474004353950569 0.23968337815341276 0.4562043795620438 0.2476869637597644
1 0.5562491996414394 0.23488122678960177 0.5674542194903316 0.24168427455500063
1 0.5439770350450335 0.2452858880778589 0.5565159858283177 0.2516887565629402
1 0.6312161181542665 0.2454859777180177 0.6426879241900371 0.25148866692278143
1 0.7403316685875272 0.24088391599436548 0.7504695436889058 0.24908759124087593
1 0.7496691851282709 0.23968337815341276 0.7606074187902847 0.24608624663849407
1 0.7238109725180002 0.10156804583713619 0.7331068519081905 0.10933221782780651
1 0.7290927221715174 0.10790614542135686 0.7379660615894263 0.11297662508873339
1 0.7343744718250347 0.16574130412737045 0.7466281310211946 0.1727132136700132
1 0.7424027312983809 0.17033642632593043 0.7533887705776966 0.17619916844133454
1 0.7424391847468771 0.30283271047441085 0.7543340600020763 0.31094285269386485
1 0.7407090210733936 0.3325158309976124 0.7523876258694072 0.3386795390843974
1 0.6455500190318005 0.30802320149486145 0.6574448942869996 0.3159711408699263
1 0.645333748572615 0.31743096646942803 0.6557147306135162 0.3240812830893803
1 0.24501910189098047 0.31131546933025994 0.25555715627267683 0.3176182929952619
1 0.256357514833312 0.31611762069407096 0.2650280659068596 0.3236209822000256
1 0.3644059205190592 0.2998103150211295 0.3760111196482691 0.3076138109873223
1 0.46070140420912564 0.30728017648912703 0.4707689883391113 0.3148308645866163
1 0.45457330952130826 0.3151591553734636 0.4635465910284694 0.32385886122491864
1 0.24760151717983042 0.3838555978299162 0.25787653538129124 0.391231593038822
1 0.25758296343267806 0.38660783484816463 0.26462869019939406 0.39420400901853025
1 0.3612138612931257 0.3769199605439301 0.37134209352027997 0.3838555978299162
1 0.35240670283473075 0.3989378566899176 0.36385600883064423 0.40675420982174315
1 0.44077185936729363 0.3938737405763405 0.45060651964583476 0.39970848305502715
1 0.44502865262218455 0.39112150355809205 0.4548633129007256 0.3957452617487494
1 0.5452834730735808 0.3857271190023251 0.5540906315319758 0.39277284576904115
1 0.5410266798186899 0.39673606707531883 0.5511549120458441 0.403451525399845
1 0.6481804410624955 0.38473631367575567 0.6559600977007445 0.3918921299232016
1 0.6361439911693557 0.39904794617064754 0.6464190093708165 0.4048826886493342
1 0.7528388407430893 0.3874885506940041 0.7619395711500974 0.39277284576904115
1 0.2409764164509635 0.4687050618349151 0.25140207075064713 0.47535591026747187
1 0.25056322500239675 0.46834555651423637 0.2595508580193654 0.4751761576071325
1 0.34295609241683445 0.4673569168823698 0.35386108714408976 0.4734685073339085
1 0.3384023583549037 0.47238999137187226 0.3518238903269102 0.4791307161345988
1 0.44601428434474166 0.4634922346850733 0.456799443965104 0.47014308311763015
1 0.5414030294315023 0.4679860511935576 0.5514691784105071 0.4731988783433994
1 0.5443989071038252 0.47436727063560535 0.5537460454414725 0.48128774805867125
1 0.6399074872974787 0.47598504457865976 0.6502133064902694 0.48326502732240434
1 0.7423665036909213 0.47445714696577507 0.7532714984181766 0.48119787172850154
1 0.24500534735021728 0.5461123626186088 0.25325391949393583 0.5531520922929893
1 0.24585864791680886 0.5494189023141511 0.2552449541493162 0.555711993992764
1 0.35707215509591095 0.5198733701959178 0.36517851047853095 0.5261664618745308
1 0.36432520991193934 0.5206200081916855 0.37214713177236214 0.5274464127244181
1 0.5392518260632124 0.5480322888934399 0.5500602999067058 0.5550720185678204
1 0.5486381322957199 0.5438724486313059 0.557028921200537 0.5513388285889822
1 0.6405537185021891 0.5477432947552127 0.6490692262943571 0.5536993662165886
1 0.6419889164446894 0.5458057775328373 0.6509828235510241 0.5524076880683384
1 0.7441750099507057 0.5193263754937081 0.753360276782707 0.5269329245889592
1 0.7468540461100395 0.5430071415449619 0.7569961115703744 0.5490349729034628
1 0.23868548182049323 0.6009884312229851 0.2483261293329943 0.6083778286295449
1 0.25976777693024833 0.6093312992626494 0.27067971862022205 0.6168001525553014
1 0.24610136452241715 0.6263706140350878 0.2560916179337232 0.6334978070175439
1 0.35024154589371975 0.6188024408848207 0.36231884057971014 0.6264302059496567
1 0.4459064327485379 0.6247616323417238 0.45671243325705563 0.6333428680396643
1 0.5426149834044571 0.6184655049786628 0.5526908487434803 0.6263187529634897
1 0.5389600126442232 0.624985182550972 0.5491346609767662 0.629800853485064
1 0.6378417891575786 0.6144647937411095 0.6481152204836415 0.6220957799905167
1 0.6482140034771613 0.6193545519203413 0.6542397660818714 0.6270596254148885
1 0.7407736684052473 0.6122421763869131 0.752430061640588 0.6195027264106211
1 0.7453176861071598 0.62016951161688 0.7556899004267426 0.6263928402086296
1 0.25259909031838856 0.6706668291098116 0.2645115876110028 0.6776721897335932
1 0.34221355858782754 0.6816317413905133 0.3503357158327918 0.688738628979857
1 0.3401830192765865 0.7026478232618583 0.3508771929824561 0.7100592917478882
1 0.4429283084253844 0.7022417153996101 0.4538932207060862 0.7101608187134503
1 0.45118583495776476 0.705795159194282 0.4599848386398094 0.7136127355425601
1 0.5440491661251895 0.7078256985055231 0.5527128005198181 0.7155417478882391
1 0.6455882147692221 0.6797460536783485 0.6550963725941744 0.6848490558137588
1 0.6584111432120476 0.6848490558137588 0.6695766863459365 0.692568982121174
1 0.7422481580599333 0.6763213648528099 0.7516437043644895 0.6845295618990981
1 0.7393572207354545 0.6956803201506592 0.750611226748604 0.7037336455545643
1 0.26445743989603643 0.7465720804536594 0.27442554196940167 0.7543250487329435
1 0.2440289837950657 0.7699232825329317 0.2546124008112312 0.7777685480536358
1 0.25313564494851043 0.7872751639199008 0.26371906196467604 0.791613134266643
1 0.34149487073463686 0.7805374652962372 0.35047846889952156 0.7907824590938626
1 0.35121684683088195 0.783767868745939 0.3624155787898478 0.791520837025223
1 0.45240415854450944 0.7740009746588694 0.46085120207927227 0.7826510721247564
1 0.44314489928525014 0.7848440545808968 0.4546783625730994 0.7920321637426901
1 0.5451591942820013 0.7738791423001949 0.5570175438596491 0.7817982456140351
1 0.5477582846003899 0.7800925925925926 0.5583170890188435 0.7860623781676414
1 0.5493827160493827 0.7850877192982456 0.5607537361923327 0.7931286549707602
1 0.6589612692934522 0.7715882945067586 0.6689075831655642 0.7784188955996548
1 0.6480562745661969 0.7847102387115329 0.6594406097210239 0.7910914581535806
1 0.7416474930495638 0.7466925510497555 0.7517136420285687 0.7544219154443486
1 0.7531305028370181 0.827667449292376 0.762233961607861 0.8364312267657993
1 0.6566610143698777 0.8571178177786474 0.6687536685580121 0.8669006391443292
1 0.5509521946129264 0.8242027000586969 0.5610067610165438 0.8311321985260549
1 0.543615078588665 0.864964455749038 0.5558436052957673 0.8730149024978804
1 0.4578795191199809 0.8558949651079372 0.46752646796669495 0.8642511250244571
1 0.45122176569055855 0.8623149416291658 0.4601893519424336 0.8687349181503946
1 0.3552017970717548 0.8299478166218465 0.3648060997993768 0.8370509988474836
1 0.2528892944038929 0.8305480855423228 0.26449449353310284 0.8377513125880394
1 0.23648194391087204 0.8498567358176462 0.24835392922696034 0.8554592457420924
1 0.35132202275715124 0.9053405072759417 0.36095527902443447 0.9122467020263838
1 0.45939300209478917 0.9355463635768525 0.46900775726630006 0.9444962686567164
1 0.5427208802478833 0.9362623559832416 0.5517901173954787 0.9443428417124902
1 0.6529995870720057 0.9256227400562473 0.6643690571849471 0.9333128264363197
1 0.6560686464889961 0.9304878967456809 0.6668801057988483 0.9411075398419713
1 0.7492291913516543 0.8961844971906892 0.7589439284485724 0.9029927760577915
1 0.7453273707143676 0.9145787944807552 0.7555995107594694 0.919655142758858
