0 0.16419956140350878 0.01228983918128654 0.8510294834307992 0.9728618421052632
1 0.257034632034632 0.06567555251765779 0.26913875598086123 0.07510964912280702
1 0.3631237183868763 0.05962349054454318 0.37404116351484773 0.06727756892230577
1 0.3590890104047999 0.1285101959444065 0.3704811270600744 0.1365202779676464
1 0.2738854712538923 0.13385025062656644 0.28622693096377305 0.142572339940761
1 0.47063681932102985 0.1464883800410116 0.4806049213943951 0.1541424584187742
1 0.4518872939925571 0.08222972203235362 0.46256740335687707 0.08899379129642288
1 0.4544979873927242 0.05837747778537253 0.4654154325206957 0.06603155616313512
1 0.5446855775803144 0.06620955798587379 0.5553656869446343 0.07671166552745501
1 0.5615364167995747 0.12708618136249716 0.5729285334548493 0.13616427432216907
1 0.660742766005924 0.12388214855320119 0.6714228753702438 0.13153622693096378
1 0.6681001746791221 0.06923558897243108 0.6797296270980482 0.07671166552745501
1 0.7611357940305308 0.12762018683071316 0.7720532391585022 0.1354522670312144
1 0.7533037138300297 0.08276372750056962 0.7613731297941824 0.0909518113465482
1 0.2682253442370867 0.21165338645418325 0.2787097225134549 0.21973509470888375
1 0.3724866615409706 0.21405605647585096 0.38311665618228835 0.22257461382540014
1 0.3931641853638079 0.20630198504228697 0.398406374501992 0.214711330118124
1 0.5523228722536754 0.2167863633186552 0.5609142377856993 0.22596019431047737
1 0.6466822767409892 0.18260292164674632 0.6545455604482653 0.19166754036485634
1 0.6522156986090724 0.20357167819948274 0.6616807623307936 0.21154417418047108
1 0.7413329139582022 0.19144911581743201 0.7513804431397217 0.19865712588243514
1 0.26955409356725146 0.2818325109649123 0.27850115740740744 0.28840003654970764
1 0.3495065789473684 0.27440835160818716 0.3599765472709552 0.28140419407894735
1 0.3908153630604289 0.2764071637426901 0.4022371466861599 0.28440241228070173
1 0.4574424342105263 0.29125548245614036 0.4669605872319688 0.29967904788011696
1 0.5632842958089669 0.29411092836257313 0.5733735380116959 0.30424776133040937
1 0.6662707115009747 0.28511627375730997 0.6763599537037037 0.29411092836257313
1 0.6559911062378168 0.2955386513157895 0.6649381700779727 0.30267726608187134
1 0.7633558723196883 0.2834030062134503 0.7751583820662769 0.2926832054093568
1 0.7778234649122807 0.2634148848684211 0.7861994395711502 0.27240953947368424
1 0.2822983995075407 0.3806459679901508 0.2925579665538114 0.3868978916589719
1 0.37447419718887853 0.3645352416128039 0.38361162408946337 0.3723501461988304
1 0.40348953524161274 0.3403691520467836 0.408779624499846 0.34962680824869186
1 0.4660087719298245 0.3743940443213296 0.4765889504462911 0.38112688519544474
1 0.5607494613727301 0.3723501461988304 0.5716502513593925 0.37956390427823944
1 0.6466733353852466 0.3557585026161896 0.6553298450805375 0.36489592951677435
1 0.7534369549605006 0.3676612034472145 0.7614522417153995 0.37535587873191745
1 0.7483071714373652 0.3699455601723607 0.7550400123114804 0.3775200061557402
1 0.4638083303496837 0.44193071965628355 0.4757429287504475 0.4496509129967776
1 0.5587887989203778 0.4404310053981107 0.569331983805668 0.4457025978407557
1 0.6600033738191633 0.44174890350877194 0.6716008771929824 0.4493927125506073
1 0.7559463562753035 0.4404310053981107 0.7664895411605939 0.447020495951417
1 0.3591711650922177 0.5105431848852902 0.3693629104813315 0.5168690958164642
1 0.45722278452541604 0.517659834682861 0.46706309041835353 0.5247764844804319
1 0.5556258434547908 0.5158147773279352 0.568277665317139 0.5226678475033738
1 0.6600033738191633 0.5202956309041835 0.6712494376968061 0.5279394399460189
1 0.7608665092217723 0.5308388157894737 0.7721125730994152 0.53742830634278
1 0.250627388681678 0.5864458143389971 0.2630024865312889 0.5950796035364
1 0.35279389418427964 0.5864458143389971 0.36229106230142294 0.59464791407653
1 0.359700925542202 0.5633504282359442 0.3706370585255791 0.568314857024451
1 0.4621552240180503 0.5838556775797762 0.4725157710549339 0.5905468642077635
1 0.5266208500253258 0.6060876847630887 0.5329522954367546 0.6142897845006215
1 0.5574146981627297 0.597885585025556 0.5686386241193535 0.6054401505732836
1 0.6546887231201363 0.597885585025556 0.6664882350232537 0.6052243058433485
1 0.7516749551042962 0.5903310194778285 0.7623232951144265 0.5981014297554911
1 0.2607001427453148 0.6594013330570521 0.2710606897821983 0.6673875880646498
1 0.35049155039830554 0.6656608302251692 0.3628666482479164 0.6747263088824423
1 0.5522344246442878 0.6717044826633513 0.5623071787079247 0.680122427130819
1 0.6572788598793572 0.6697618800939357 0.6690783717824746 0.6777481351015333
1 0.32217890405024907 0.8928078297595842 0.33300844704353477 0.8997116634178038
1 0.3446637426900585 0.814031862745098 0.3564886480908153 0.8218255503955968
1 0.3503970301570921 0.7366324819401444 0.36150527462446974 0.7436199260405916
1 0.2425395596835226 0.7471136480908153 0.25328947368421056 0.7538323443412452
1 0.43317136796238964 0.8301567337461301 0.44248796009631924 0.8384879170966633
1 0.4403379772961817 0.7457699088407292 0.4503712303634904 0.7527573529411764
1 0.5539287352367849 0.7554448314413486 0.5625286664373352 0.7627010233918129
1 0.6449446737759432 0.752219857241142 0.6524696135764247 0.7594760491916065
1 0.5410288384359592 0.8282754987960096 0.551062091503268 0.835531690746474
1 0.6492446393762183 0.8339192036463708 0.6603528838435959 0.8433253783969729
1 0.7459696538643907 0.7544279476845266 0.755024761603709 0.7623305871661135
1 0.5456956344349245 0.9043842649258805 0.5567455460356316 0.9145841833265334
1 0.44044355680868835 0.9056658573517127 0.4496897626009468 0.9145585317460317
