0 0.13831018518518512 0.029422514619883034 0.791636208576998 0.9705774853801169
1 0.19834624439887605 0.08294172932330829 0.20926368952684749 0.09219782410571885
1 0.3070460241512874 0.07368563454089772 0.31938748386116816 0.08187371838687629
1 0.4015056580846055 0.07226161995898839 0.4124231032125769 0.0797376965140123
1 0.4000816435026962 0.09682587149692413 0.41099908863066764 0.1046579516974254
1 0.4945131753687006 0.08070787027329279 0.5051431700100184 0.08857115398056895
1 0.49771673539759087 0.0845302998532187 0.5048519372801192 0.09173830991822184
1 0.5147939292676135 0.14593776106934003 0.5266290726817042 0.15559732664995823
1 0.4208089668615984 0.16551796157059312 0.4326441102756892 0.1741332497911445
1 0.30524227234753554 0.14802631578947367 0.31777360066833754 0.15664160401002505
1 0.21821915900863273 0.1542919799498747 0.2297062099693679 0.1636904761904762
1 0.6223544973544973 0.08145363408521303 0.6338415483152325 0.08954678362573099
1 0.7100737956001113 0.095812447786132 0.7198203842940685 0.10416666666666667
1 0.7159913673071567 0.14463241436925647 0.7271303258145363 0.15324770258980785
1 0.6150445558340295 0.14176065162907267 0.6254873294346979 0.15063700918964076
1 0.21568134746588696 0.23700201023391815 0.22729349415204678 0.24528280336257313
1 0.32057139376218324 0.240999634502924 0.33047027290448344 0.24770993238304095
1 0.323426839668616 0.23857250548245615 0.3340871710526316 0.2464249817251462
1 0.3017254507797271 0.30253449378654973 0.31352796052631576 0.3101014254385965
1 0.3470318591617934 0.30481885051169594 0.3557885599415205 0.3116719206871345
1 0.22101151315789475 0.3108152869152047 0.23129111842105263 0.3166689510233919
1 0.41293187470592196 0.31819671304698527 0.42196427371109774 0.32591626335954826
1 0.5192201048598508 0.3199296733212341 0.5295128386099349 0.3285944746924783
1 0.5076670363648585 0.2402135007057874 0.5150189890434901 0.24840567654769102
1 0.6029336644824913 0.20633520925808496 0.6086583174804481 0.21426165187064045
1 0.6064565278658494 0.22598618156837877 0.6171352074966532 0.23506856372859858
1 0.6971026049973418 0.2124867091972355 0.707070707070707 0.21929824561403505
1 0.6233158468065588 0.31026401788785685 0.6320949432404541 0.31805770553835566
1 0.6127450980392157 0.3223576711386309 0.6195533769063181 0.3285388716890265
1 0.7336816305469556 0.2883610681114551 0.7421023965141612 0.29628912968696247
1 0.7188109161793372 0.30892027863777094 0.7299191606467148 0.3163108445132439
1 0.3310065068775225 0.39400327403014584 0.3397578453175192 0.4023041759327898
1 0.3590622683469237 0.37006578947368424 0.3649822914092744 0.37836669137632817
1 0.42341034511160536 0.40211113170249574 0.4347356066221893 0.41041203360513967
1 0.5186454987233342 0.3994085124783791 0.5291985833127419 0.40732332592043496
1 0.6033275677456553 0.3829997529033853 0.6128510831068281 0.3913006548060292
1 0.7039679598056174 0.39458240672102796 0.7111749444032618 0.4015319990116135
1 0.7091158059467919 0.39226587595749945 0.7170949674656124 0.3994085124783791
1 0.42428989139515455 0.4708285135916715 0.4339293747188484 0.4776062753036437
1 0.5178732086626824 0.4679667919799499 0.5293200951095688 0.47338900134952766
1 0.6182844932844933 0.46766555812608446 0.6287272668851617 0.47549763832658565
1 0.7116669879827775 0.465255687295161 0.7227122292911766 0.4718828320802005
1 0.7154826167984063 0.5532159726238673 0.7281344386607544 0.5607468189705032
1 0.3215104321538309 0.5403471602735653 0.33157708890871246 0.5469679229854297
1 0.41838334524093035 0.5461369770580297 0.42996017570320977 0.5535792252123521
1 0.21992339445899814 0.616838334524093 0.230011775290413 0.624900770024609
1 0.31832645338837284 0.6158460347701834 0.3272571511735598 0.6230402079860284
1 0.32394948532719425 0.5933952528379772 0.33403786615860914 0.5992250138921966
1 0.42601774161652106 0.611413043478261 0.4364352911263666 0.6188289261801848
1 0.5188928440263298 0.6221395881006866 0.5314292171652965 0.6296878972794305
1 0.4883464700398339 0.6320715738621917 0.5010594118145605 0.6406792948554962
1 0.5178227360308285 0.541907514450867 0.5273298854071595 0.5496716864415374
1 0.6188097894060779 0.5453934692221885 0.6287394787546902 0.5528407362336477
1 0.6140093484885923 0.6199615455893255 0.6250772176921177 0.6273937484556462
1 0.7069279713367927 0.6120467321472696 0.7173523597726712 0.6185137138621202
1 0.2318875893437297 0.6886371020142951 0.24176954732510286 0.6949317738791424
1 0.31865930257743125 0.6908706952566601 0.3315193848819579 0.6977745289148798
1 0.5153508771929824 0.6926169590643274 0.5255035737491878 0.7002314814814814
1 0.6176900584795322 0.6883528265107212 0.6286549707602339 0.6965765107212475
1 0.32239600573761446 0.7580892088712347 0.33360228401191655 0.7642957629923867
1 0.4094601677148847 0.764037156570672 0.4201492331457575 0.7719246524329691
1 0.5175576519916143 0.7710195299569679 0.5275571002979146 0.7786484193975505
1 0.6054838353746 0.7663646143661039 0.6142764537128985 0.7742521102284011
1 0.7014340299620232 0.7652504019011672 0.7098797791290976 0.7728952610610189
1 0.508130081300813 0.8375231778633576 0.5170446441306519 0.8453234203394666
1 0.6106475538439595 0.8397518185708173 0.6207507250511102 0.849112109542148
1 0.5137759710930443 0.9050509912993866 0.5235819902058669 0.9144112822707176
1 0.41423001949317734 0.909954000855798 0.4237388865116721 0.9181999714733989
1 0.3200883526505795 0.8300854233960353 0.3315678637025778 0.8363199854328963
