0 0.15658503898635473 0.007721125730994142 0.837323343079922 0.9682931286549707
3 0.26217386414754834 0.06403930499325237 0.27693432298695453 0.07879976383265858
3 0.43851451057550417 0.05841121495327103 0.4518363666174782 0.07634448270208231
3 0.528693228398098 0.06430357435645187 0.5454309449636552 0.07147688145597639
3 0.5372328797070558 0.0691711756025578 0.559435973110346 0.07890637809476964
3 0.34218724381046073 0.066096901131333 0.35516751380007644 0.07531972454500736
3 0.6513970110461338 0.07614522417153996 0.661143599740091 0.08832846003898635
3 0.7249025341130604 0.059393274853801165 0.7378979857050033 0.07553606237816764
3 0.7281513970110461 0.12335526315789473 0.7423651721897336 0.1401072124756335
3 0.6412443144899285 0.13919346978557504 0.653427550357375 0.1547270955165692
3 0.5429662118258609 0.13767056530214425 0.562053281351527 0.14741715399610134
3 0.5409356725146199 0.15564083820662766 0.5596166341780376 0.16721491228070176
3 0.73180636777128 0.21990740740740738 0.7435834957764782 0.23483187134502922
3 0.6298732943469786 0.22264863547758285 0.6444931773879142 0.2351364522417154
3 0.5413417803768681 0.20346003898635476 0.5583983105912931 0.21990740740740738
3 0.45 0.1388157894736842 0.47017543859649125 0.14956140350877192
3 0.439766081871345 0.21622807017543857 0.4564327485380117 0.23048245614035087
3 0.33596491228070174 0.21140350877192984 0.3584795321637427 0.22499999999999998
3 0.3368421052631579 0.13662280701754384 0.3564327485380117 0.1526315789473684
3 0.2347987751531059 0.1357620182345628 0.25782221301284713 0.15022361514021274
3 0.22933070866141736 0.2128185868213842 0.25321752544089887 0.22620096007735874
3 0.23568648950808394 0.2894414344685242 0.24885513415892677 0.3057678663570691
3 0.3327044633642931 0.2888367518059855 0.3547417870657035 0.3007288441692466
3 0.4313349243206055 0.28923987358101133 0.44450356897144827 0.3055663054695562
3 0.5434027777777779 0.28480553405572756 0.559796396628827 0.30113196594427244
3 0.6398832559339526 0.28661958204334365 0.6533206484348125 0.303953818369453
3 0.7299137856897145 0.29125548245614036 0.7495323787409701 0.2989147961816305
3 0.22969856891551374 0.363714163457424 0.24336756525459993 0.37909178433889607
3 0.33281034564731615 0.3603712023962345 0.3482622545523701 0.3775317358436742
3 0.432356297247183 0.3510109114249037 0.4534540959444682 0.3597026101839966
3 0.54646270146912 0.36438275566966194 0.5583487852422384 0.37864605619740405
3 0.6281795274093092 0.371960134075025 0.6498716302952503 0.3846633861075453
3 0.7306969999524557 0.36549707602339176 0.7455546046688537 0.3853319783197832
3 0.22509953962921486 0.43699258118701007 0.24395763344531543 0.4518652015677491
3 0.3331933557297499 0.4352428611422172 0.3538011695906433 0.4460328014184397
3 0.4383709717556302 0.44428308137364686 0.4517854920990419 0.45944732176185143
3 0.5427709344282693 0.437575821201941 0.5544357347268881 0.4533233016050765
3 0.6475597237775289 0.4374300111982083 0.6590301107378375 0.4512819615528182
3 0.7338792459873087 0.43801325121313917 0.7469049396540998 0.4525942515864128
3 0.22005333847439112 0.5190259302101408 0.23973395026026606 0.5328826874879506
3 0.32669012274275433 0.5092358299595141 0.341751815436026 0.5267073934837092
3 0.43814664867296443 0.5143568054752266 0.4514009382430435 0.5270086273375747
3 0.5311274982327614 0.5230925872373241 0.5500048197416618 0.530020965876229
3 0.630133024869867 0.5143568054752266 0.6518218623481782 0.5242975226527858
3 0.7289377289377289 0.5142061885482938 0.7522331469699891 0.5224901195295932
3 0.22875512271492385 0.5892517958281531 0.241993599484275 0.6024183243541926
3 0.33120942119077224 0.5866616590689322 0.3522183082377861 0.5959429824561403
3 0.4313613758806465 0.5924894667771792 0.4411463369710365 0.6026341690841276
3 0.5364058111157158 0.5896834852880233 0.5493564949118203 0.6015549454344522
3 0.6400112814845512 0.5955112929962701 0.652674172307409 0.6116996477414007
3 0.7372853064419579 0.5853665906893217 0.7565674356494911 0.5959429824561403
3 0.22413033195734436 0.6679727812177502 0.24106144650842795 0.6814773606811145
3 0.3249107757137943 0.6705930727554179 0.3407668988648091 0.6867179437564499
3 0.43455989852081195 0.6647478070175439 0.4463848039215687 0.6814773606811145
3 0.5399090557275542 0.6570884932920537 0.5536151960784313 0.6742211687306502
3 0.6279239766081871 0.6783956692913385 0.6454793479762398 0.6919938872772482
3 0.7367097204954645 0.6622073145462081 0.7499481972648155 0.6783956692913385
3 0.21929824561403508 0.7449367905056758 0.23886308909528722 0.7547729618163054
3 0.4467664258685931 0.7554179566563467 0.4691262469900241 0.7646091331269349
3 0.5493206054351565 0.7441305469556243 0.5710354317165464 0.7575141898864808
3 0.6277949776401789 0.7417118163054695 0.6400498796009633 0.7567079463364292
3 0.7309941520467836 0.7426793085655314 0.7533539731682146 0.7529992260061918
3 0.2236842105263158 0.8238304093567251 0.25 0.8333333333333334
3 0.3255360623781676 0.8181652046783625 0.35038986354775825 0.8285818713450293
3 0.4247076023391813 0.8221856725146199 0.4371345029239766 0.8369883040935673
3 0.5467836257309941 0.8163377192982456 0.5572612085769981 0.8304093567251463
3 0.6327972709551657 0.8223684210526315 0.6469298245614035 0.8382675438596491
3 0.7426900584795322 0.8157894736842105 0.7558479532163743 0.8342470760233919
3 0.2323219481876995 0.9044728366810748 0.2437989095121055 0.9238071022968048
3 0.3163686188095036 0.9099023222306976 0.32819871740542983 0.9244692346809052
3 0.44932480153685334 0.8985136452241715 0.46327372376190074 0.9190397491312824
3 0.53813882532418 0.8966596745486907 0.561092747972992 0.9061943808797356
3 0.6304842218267085 0.8940111450122893 0.6518490267536797 0.9031485719128741
