0 0.14135599415204678 0.02828033625730993 0.799250730994152 0.9694353070175439
3 0.2319040064700759 0.0864653322135125 0.24804031354983203 0.09944242254572601
3 0.31233386496544396 0.08258572567783089 0.32357992884308673 0.091020273586063
3 0.40792540792540793 0.07875184026499811 0.4230053572158836 0.09485415899889581
3 0.2085633664581033 0.16482256778309404 0.2297775324091114 0.17479066985645927
3 0.3110559031611663 0.15983851674641142 0.33201447675131884 0.17421558704453435
3 0.42530568846358324 0.15945512820512817 0.442430376640903 0.17057339590234322
3 0.4987853132000814 0.08387339617700969 0.5156963719414622 0.09001047394605917
3 0.510059352361002 0.0886466788862704 0.5309708766110964 0.09805686479881294
3 0.5147871752349363 0.15983678100724447 0.5342439847545896 0.16897420790782924
2 0.5158782112827675 0.1449714148555468 0.5236973029588897 0.15083573361263855
3 0.6242690058479532 0.09442007797270956 0.6359649122807017 0.10867446393762184
3 0.6133853151397011 0.16069688109161792 0.6270305393112411 0.1762914230019493
3 0.7004117436448263 0.07706766917293235 0.7127938894856188 0.0948576799140709
3 0.7005609261248359 0.14811582527747938 0.7172693638859052 0.16053526673827426
3 0.5151439920556108 0.17906943065210199 0.5320396116076354 0.19018950678583252
3 0.20473660911907923 0.24103148808275668 0.22468605111716872 0.2528264136436709
3 0.31016285734255955 0.23699063395540643 0.33156846299014464 0.24955004543230583
3 0.4160344555081398 0.23927463647858385 0.42838232969811924 0.2544625217322586
3 0.5150067230119093 0.22557705852221796 0.531280680411491 0.24098396081444487
3 0.6031589878122096 0.24491719954090835 0.6161392578018254 0.2595200032792261
3 0.7042684593102694 0.24491719954090835 0.7141744548286604 0.2582390555828824
3 0.21340930207137776 0.3225426299393343 0.224681641799202 0.33560829644203966
3 0.30666229436519643 0.3163940809968847 0.32749904355905335 0.32510452533202167
3 0.4081133519156146 0.31357599606492864 0.4193856916434388 0.330484505656665
3 0.4012816308684483 0.378391949499918 0.4238263103240968 0.38505287752090506
3 0.31007815488877954 0.38992047876701097 0.32340001093075366 0.40477947204459747
3 0.20794392523364483 0.3922261846204296 0.220241023118544 0.40734136743728483
3 0.5222030934032901 0.39043285784554843 0.5338170191834727 0.4055480406624037
3 0.515453001375989 0.3095975232198142 0.531577872377021 0.3233036635706914
3 0.6146209580323357 0.31141157120743035 0.626983359133127 0.3267301986584107
3 0.600108574131407 0.39828431372549017 0.6213396542827657 0.4099748452012384
3 0.7015414750468404 0.3151081587463805 0.7214131607335491 0.3241568727644354
3 0.7001220689263612 0.39069153466189743 0.7118321694203145 0.4079905467552376
3 0.20126072757651703 0.46582365003417636 0.22167160325055063 0.4786397812713602
3 0.3101978430925799 0.4631536226930964 0.330371383002962 0.4724097174755069
3 0.4141509075719602 0.471341706539075 0.4281537176274018 0.48593785600364553
3 0.5136250389286827 0.4650355548634901 0.5287639710716635 0.47638975397072564
3 0.6191650230111769 0.4598450638430396 0.6301948164296343 0.47379450846050036
3 0.7022128793383855 0.46422454064154467 0.7208121388283332 0.4783361881033946
3 0.7006989861240874 0.5394866604380775 0.7238399252569293 0.5477590055019205
3 0.603319783197832 0.540489944373128 0.624893025246042 0.5497165169020112
3 0.5027624779001768 0.5480511780905752 0.5248623011015912 0.5555417431660546
3 0.20257615716852043 0.5450206398348814 0.2204926805030004 0.558816362802431
3 0.3024309138860222 0.5364207086343309 0.31795856744257156 0.5520080839353285
3 0.4137522455375912 0.5380331957344341 0.42521882047165843 0.5518289187019837
3 0.20807055765776097 0.6093409586056645 0.2305259335703092 0.6174033941061805
3 0.3177196804647785 0.6111326109391125 0.3334862209991209 0.6236741772732485
3 0.4070634101593854 0.6105951152390781 0.416380002293315 0.6265408210067652
3 0.5090681496770247 0.6122076023391814 0.5248346902113672 0.6236741772732485
3 0.6113117761724572 0.6206283683063868 0.6239727859954898 0.6367532393074189
3 0.7047165844895463 0.6077284715055612 0.7245442036463708 0.6193742116729734
3 0.20930623921915095 0.6894208317556481 0.22639782910513695 0.6980981004669948
3 0.30633388026420966 0.6911957276284235 0.3202700997097059 0.7055921052631579
3 0.413090580167445 0.6870543039252808 0.4228196390256216 0.7034227880853212
3 0.5164289620934831 0.6789686671715258 0.5282616012453194 0.6945483087214439
3 0.5982056460095081 0.6975064685094029 0.6131936556018343 0.7121000567966679
3 0.7023328705456687 0.6829128802221381 0.7162690899911649 0.6977036791619335
3 0.204780486756106 0.7612954721362228 0.2233240884072928 0.7715750773993808
3 0.3093234004127967 0.7600861068111454 0.32813574991400074 0.7699625902992775
3 0.4283786979704163 0.7756062951496387 0.4463848039215687 0.7844749742002063
3 0.5971523477812178 0.7582720588235293 0.6097834967320261 0.7717766382868936
3 0.6957828087375302 0.7582720588235293 0.7186263759889921 0.7677454205366356
3 0.7062639748882009 0.827407443240454 0.7188951238390093 0.843532314241486
3 0.5255616625953069 0.763192593826338 0.5470750980827596 0.7767252387297358
3 0.6008714371229912 0.8329404959248514 0.6167000506515633 0.8497763848597872
3 0.5208649905603905 0.8279760671363448 0.5315133305705207 0.8407109062025141
3 0.40629674962600293 0.8346848225214197 0.41536334375991657 0.8470097239222086
3 0.3105308490865406 0.8308598531211749 0.3337639965546942 0.8408472732218143
3 0.2116483068135455 0.834047327621379 0.23544811641506866 0.8436097511219911
3 0.21814552406657672 0.9067139001349528 0.24035650022492128 0.9159919028340081
3 0.30136639676113364 0.9121963562753036 0.3120501574448943 0.9240047233468285
3 0.42788461538461536 0.9048161268556004 0.44222334682861 0.9229504048582995
3 0.5091374269005848 0.903129217273954 0.5333164642375169 0.9121963562753036
3 0.6005116959064327 0.8991228070175439 0.6207546108861898 0.9102985829959513
