0 0.17409844054580903 0.055692616959064314 0.7832602339181286 0.9043311403508771
1 0.24570735349010828 0.10381672265770808 0.255428020405624 0.11023236282194848
1 0.3433028493218863 0.11198208286674131 0.35613412965036706 0.11898096304591264
1 0.4253452780888391 0.10673292273236282 0.43467711832773426 0.11460666293393057
1 0.5268290406868235 0.11110722284434489 0.5365497076023392 0.11985582306830905
1 0.258538633818589 0.17438876446435236 0.2686481274107254 0.1831373646883165
1 0.4292335448550454 0.17438876446435236 0.43817655841731984 0.18255412467338558
1 0.510498320268757 0.1708893243747667 0.5171083737713077 0.17992954460619634
1 0.6030390693044668 0.10469158268010452 0.6119820828667413 0.11431504292646509
1 0.2503732736095558 0.23329600597237773 0.2612604205549334 0.24146136618141098
1 0.34641346273485135 0.2370870660694289 0.35457882294388454 0.24350270623366926
1 0.43195533159138977 0.2338792459873087 0.44284247853676745 0.24146136618141098
1 0.5213854672141346 0.23271276595744678 0.5287731740699265 0.24029488615154906
1 0.6901362448674878 0.1676815042926465 0.6994680851063829 0.17438876446435236
1 0.6936356849570735 0.10819102276969018 0.7037451785492099 0.1151899029488615
1 0.692080378250591 0.23592058603956698 0.7029675251959686 0.24437756625606566
1 0.6975239517232799 0.2411697461739455 0.7064669652855543 0.2475853863381859
1 0.6069273360706731 0.23767030608435982 0.6143150429264651 0.24612728630085853
1 0.3330323357413141 0.2934404024767801 0.3409872721018232 0.29908410732714136
1 0.43300653594771243 0.2936016511867905 0.44182146542827655 0.3010190918472652
1 0.42870657034743725 0.3052115583075335 0.4358015135878913 0.30956527347781215
1 0.5198658410732715 0.29618163054695557 0.5271757825937393 0.30392156862745096
1 0.6114551083591332 0.3027928276573787 0.6217750257997936 0.3082752837977296
1 0.6950894392844857 0.3018253353973168 0.7049793601651188 0.3090815273477812
1 0.25131465614941745 0.36740106079151363 0.2623645677501246 0.3737760097919216
1 0.33433065868806383 0.3680385556915544 0.3450972392220862 0.37420100639194886
1 0.4283965728274174 0.36527607779137766 0.4366131737612765 0.37207602339181284
1 0.5176458588331293 0.35868863049095606 0.5267124529670429 0.3659135726914185
1 0.5230291491001405 0.36761355909152726 0.5303957568339454 0.37420100639194886
1 0.7054577313381494 0.37006578947368424 0.7162076453388374 0.37752354231166146
1 0.6947078173374613 0.4295262512899896 0.7049202356381149 0.43718556501547984
1 0.600108574131407 0.4242856682146543 0.6105897402820778 0.43134029927760575
1 0.5202904626762986 0.4347668343653251 0.5299653852769178 0.4414183436532508
1 0.42569121947024424 0.4319449819401444 0.4342911506707947 0.43839493034055727
1 0.3359294375644995 0.43295278637770895 0.3456043601651187 0.44041053921568624
1 0.24939262985896113 0.428720007739938 0.2601425438596492 0.43617776057791535
1 0.25261760405916756 0.49886319659442724 0.26309877020983835 0.5059178276573787
1 0.34184189026487793 0.5014834881320949 0.3509793171654627 0.5089412409700722
1 0.43052868077055384 0.49745227038183687 0.4410098469212247 0.5032975361197111
1 0.5237841847265222 0.49644446594427244 0.5334591073271414 0.5039022187822497
1 0.6092460010319918 0.5030959752321982 0.618920923632611 0.5089412409700722
1 0.7049202356381149 0.497250709494324 0.7148639060887514 0.5051115841073271
1 0.25079636761279894 0.5654061474825274 0.2608995388199496 0.5712006133219227
1 0.24604193410355155 0.5611717301383541 0.2543621927447345 0.5676347881899872
1 0.34142775638282696 0.5647375552702895 0.3509366234013217 0.5727606618171445
1 0.432356297247183 0.5654061474825274 0.4421623163600057 0.5740978462416204
1 0.5247705985831788 0.5680805163314792 0.5339823135073456 0.5752121665953502
1 0.60767603290068 0.5627317786335758 0.6177792041078306 0.5703091570389388
1 0.697713117482052 0.5698634288974469 0.7090048970665145 0.5749893025246042
1 0.6882042504635573 0.6311510483525888 0.6997931821423478 0.6385055626872059
1 0.7009817905196596 0.6378369704749679 0.7101935054438263 0.6443000285266011
1 0.25520673027598234 0.6295206217297629 0.26386323997127314 0.6374557556171129
1 0.3387260182620293 0.6334881886734379 0.34690161075202625 0.6407019467528469
1 0.42913845285728935 0.6286790166204985 0.43603159946650244 0.6378164435210834
1 0.5201921103929413 0.6378164435210834 0.530291371704114 0.6449099722991689
1 0.605795372935262 0.6357725453985841 0.6154137170411408 0.6434672206832871
1 0.24641577060931902 0.6989026245048104 0.25570057536313906 0.7048714275608376
1 0.33779003961516696 0.6952550226372383 0.34840124504810416 0.7033239601018675
1 0.4285747972080739 0.7046503607809848 0.43638582342954163 0.7121666312959819
1 0.4222375495189587 0.7042082272212791 0.431080220713073 0.710619163837012
1 0.5217176004527448 0.702660759762309 0.5293812488209773 0.7092927631578947
1 0.6079336445953594 0.7032134267119412 0.6181027164685908 0.7089611629881155
1 0.7078558290888511 0.7033239601018675 0.7165511224297303 0.7091822297679683
1 0.25439564695402966 0.7719007784361566 0.2638356376592696 0.7789807714650865
1 0.33838735912629253 0.7749869292436389 0.34855350296270476 0.782248460555362
1 0.42310522442972776 0.7733530846985012 0.4323031640912436 0.7813407691413965
1 0.5250087138375741 0.7749869292436389 0.5349328066302622 0.782248460555362
1 0.6048855582665272 0.7724453932845359 0.6160199062778359 0.7793438480306727
1 0.7084834049804423 0.7695407807598467 0.7147767321172689 0.775350005809225
1 0.25487530810497316 0.84366391184573 0.2654475375767242 0.851139988400754
1 0.3340159972935092 0.8452497462664926 0.34428616306606735 0.8529523705959112
1 0.42614542554733936 0.839586051906626 0.43641559131989754 0.8479683195592287
1 0.5170665990043981 0.8409453385529941 0.5270347010777633 0.8486479628824127
1 0.5222016818906771 0.8370940263882848 0.5321697839640424 0.844343555168914
1 0.6058733265671065 0.8391329563578368 0.6131228553477358 0.8466090329128607
1 0.7049502199023729 0.8366409308394954 0.7149183219757382 0.845702841815282
1 0.62086725528418 0.8424349271872491 0.6297060734625234 0.8504973626877652
