0 0.15810794346978554 0.03056469298245613 0.8647356237816763 0.9979897660818713
3 0.26503759398496246 0.08789334447229183 0.2807017543859649 0.10399262043998886
3 0.34567901234567905 0.09137426900584794 0.3567019400352734 0.09877123363965469
3 0.4390838206627681 0.08310707323865218 0.4518472106191404 0.09790100250626567
3 0.5278473962684489 0.0865879977722083 0.5446718648473035 0.09442007797270956
3 0.5359695535134132 0.09093915343915344 0.5585955629815279 0.10094681147312726
3 0.6502599090318388 0.0961605402394876 0.6601225285435812 0.1079086605402395
3 0.7227791701475912 0.077885686438318 0.7355425601039637 0.09485519353940407
3 0.7274204028589993 0.1427179058758006 0.7413441009932239 0.15620648844333057
3 0.6403972895200966 0.15664160401002505 0.654320987654321 0.17143553327763855
3 0.5429314025805254 0.155771372876636 0.563236795692936 0.16447368421052633
3 0.5411909403137474 0.17187064884433306 0.561496333426158 0.18448900027847395
3 0.4518472106191404 0.15838206627680312 0.47157244964262507 0.16838972431077695
3 0.3381370091896408 0.15794695071010859 0.3601828645688295 0.1731759955444166
3 0.2371901977165135 0.15925229741019215 0.26445743989603643 0.17274087997772208
3 0.23254896500510538 0.23278682818156501 0.25633528265107214 0.2445349484823169
3 0.3387171632785668 0.2293059036480089 0.36076301865775556 0.24279448621553884
3 0.4431448992852502 0.23278682818156501 0.46112967604195676 0.24932121971595655
3 0.5429314025805254 0.21929824561403508 0.560336025248306 0.23583263714842664
3 0.6311148240972803 0.23887844611528822 0.6456186763204308 0.2501914508493456
3 0.7343822519261115 0.2349624060150376 0.745405179615706 0.24888610414926204
3 0.7361227141928897 0.3041457811194653 0.7541074909495963 0.3119778613199666
3 0.6438782140536526 0.30153508771929827 0.6566416040100251 0.3180694792536898
3 0.5481527893808595 0.29935950988582566 0.563236795692936 0.3154587858535227
3 0.4344425879513599 0.30327554998607625 0.4489464401745104 0.32024505708716233
3 0.33639654692286275 0.3067564745196324 0.3596027104799035 0.31719924812030076
3 0.23544973544973546 0.30719159008632696 0.251113895850738 0.3224206349206349
3 0.2342894272718834 0.3807261208576998 0.2453123549614778 0.39552005012531327
3 0.3369767010117887 0.37942077415761627 0.3514805532349392 0.39290935672514615
3 0.4350227420402859 0.3663673071567808 0.4593892137751787 0.37593984962406013
3 0.5527940220922678 0.37855054302422725 0.5638169497818621 0.39290935672514615
3 0.6351759027197624 0.3846421609579504 0.654320987654321 0.3963902812587023
3 0.7378631764596677 0.3781154274575327 0.7517868745938923 0.3963902812587023
3 0.7419242550821499 0.44990949596212754 0.7587487236610043 0.46600877192982454
3 0.654320987654321 0.4481690336953495 0.6665042235217674 0.46600877192982454
3 0.5475726352919336 0.4542606516290727 0.560916179337232 0.46557365636313003
3 0.4431448992852502 0.4594820384294068 0.45706859741947464 0.47384085213032584
3 0.3392973173674928 0.45164995822890563 0.35844240230205143 0.4594820384294068
3 0.22848788638262327 0.4546957671957672 0.2447322008725518 0.46818434976329715
3 0.22326649958228906 0.5351921470342522 0.24415204678362573 0.5504211918685603
3 0.33059500603360253 0.526489835700362 0.34567901234567905 0.5430242272347535
3 0.44430520746310226 0.5291005291005291 0.45706859741947464 0.542589111668059
3 0.5382901698691173 0.5373677248677249 0.5591757170704539 0.5451998050682261
3 0.6386568272533185 0.527360066833751 0.6618629908103593 0.5386730715678084
3 0.7407639469042978 0.526489835700362 0.7651304186391906 0.5351921470342522
3 0.23138865682725335 0.6074213311055416 0.2453123549614778 0.6209099136730716
3 0.3369767010117887 0.6039404065719856 0.35728209412419937 0.6130778334725703
3 0.43850366657384204 0.6087266778056252 0.4472059779077323 0.6191694514062934
3 0.5440917107583775 0.6052457532720691 0.560336025248306 0.618734335839599
3 0.6531606794764689 0.6095969089390142 0.6636034530771373 0.6274366471734892
3 0.7541074909495963 0.6779100529100528 0.7651304186391906 0.6961849067112226
3 0.6403972895200966 0.6953146755778334 0.6583820662768032 0.7101086048454469
3 0.5516337139144156 0.6761695906432749 0.5643971038707881 0.6935742133110554
3 0.44140443701847215 0.6835665552770817 0.4553281351526966 0.7009711779448622
3 0.3276942355889725 0.6896581732108048 0.346259166434605 0.7074979114452798
3 0.22500696184906716 0.6870474798106376 0.24357189269469973 0.7022765246449457
3 0.7530817451302115 0.6008732487694055 0.7693844924060751 0.6099449387858135
3 0.22039473684210525 0.7693256578947368 0.24232456140350878 0.7793768274853801
3 0.45674951267056524 0.7789199561403509 0.4792884990253411 0.7866867690058479
3 0.5609161793372319 0.7656706871345029 0.5840643274853801 0.7802905701754386
3 0.6431530214424951 0.7620157163742689 0.6571637426900585 0.7784630847953216
3 0.7491471734892787 0.7629294590643274 0.7729044834307992 0.7729806286549706
3 0.7643762183235868 0.8396838450292398 0.77838693957115 0.859329312865497
3 0.6498538011695907 0.8474506578947368 0.6650828460038986 0.8643548976608186
3 0.5596978557504872 0.8415113304093567 0.572490253411306 0.8565880847953216
3 0.43238304093567254 0.8474506578947368 0.44639376218323584 0.8648117690058479
3 0.3294346978557505 0.8447094298245614 0.3580653021442495 0.8556743421052632
3 0.22587719298245615 0.8520193713450293 0.2526803118908382 0.8620705409356725
3 0.2351221190230478 0.9403702270381836 0.24587203302373584 0.9577850877192982
3 0.3211214310285518 0.9432727038183695 0.3331613347093223 0.9581075851393188
3 0.4613003095975233 0.9329527863777088 0.47162022703818374 0.9500451496388028
3 0.5520295837633299 0.9271478328173374 0.5782593739250086 0.9371452528379772
3 0.648690855927698 0.9236069577352473 0.6727804359383307 0.934821072567783
