0 0.15734649122807018 0.02828033625730993 0.8380847953216374 0.9888523391812866
1 0.2542588354945334 0.08700419527078565 0.2641113653699466 0.09558543096872615
1 0.3400711924739384 0.07508581235697939 0.3508771929824561 0.08319031273836765
1 0.4675184337655733 0.07437070938215103 0.4767353165522501 0.08485888634630052
1 0.5571446732773963 0.06698131197559115 0.5682684973302822 0.07437070938215103
1 0.5593694380879735 0.09010297482837527 0.569857615052123 0.09773073989321128
1 0.6481763174796336 0.06971909542642733 0.6595848967312308 0.07716636243788663
1 0.6505002873271811 0.13896283338403814 0.6631764864956224 0.147202362843525
1 0.7544451205084001 0.07827552986512525 0.7658536997599974 0.08714886928303417
1 0.7371209816448636 0.14609319541628638 0.7478957509380387 0.1548080823445898
1 0.24500971140245323 0.133694740008867 0.25701701606603755 0.14200748939134844
1 0.3470058268414719 0.13042901703717782 0.3574297506702979 0.1389396890240041
1 0.4459671290138705 0.13587188865665975 0.4570507948571791 0.1439867154347964
1 0.5397824434733042 0.15546622648679465 0.549414676884751 0.16288832414972454
1 0.670187301986071 0.1723244567265419 0.6796954598110232 0.1780816899049533
1 0.2652767183659632 0.19806763285024154 0.2757648953301127 0.20529811848461732
1 0.3553267226036105 0.21165458937198067 0.3646495465717433 0.21960017798118484
1 0.36306042884990253 0.19123442664632598 0.37111195864056273 0.19973620645817441
1 0.45692431561996777 0.22619501652682428 0.4652936689549962 0.23501461988304093
1 0.6368083670715249 0.22587719298245615 0.646531526465737 0.23387244152046782
1 0.7421230694257009 0.22499859424201527 0.7521976683160893 0.23316956252811516
1 0.2280483003018769 0.2722087325545785 0.23652491578072365 0.2806169882311765
1 0.23962389348266763 0.2931268320427003 0.25110834026046 0.3003046112788205
1 0.33940808664461475 0.2945348155591843 0.34786947480076486 0.3027781267010006
1 0.3505736297785036 0.3037594732655026 0.3599945567977223 0.3112831302600176
1 0.44190428338148474 0.30447912741280403 0.45176136442937104 0.3133766695976217
1 0.5505938673254338 0.30218931876229954 0.5601020251503859 0.3106943223213164
1 0.6595996794707858 0.28705532965065733 0.6702555709000392 0.2946476522940004
1 0.7409041310759893 0.29536692496547495 0.7506009922766098 0.30223997493734345
1 0.25071155856159355 0.377414062297546 0.25907966000673766 0.3854312433595066
1 0.2578379417277808 0.37891222239498307 0.2646943861376731 0.38652449532250127
1 0.3574255121042831 0.366001421150642 0.36661398608252477 0.37541960697833976
1 0.4428783201019308 0.3836892335587573 0.4532919239439381 0.3911165833578359
1 0.5373059084492842 0.3860342306916717 0.5477246756738591 0.39246193789070377
1 0.634267661490892 0.37784205484976807 0.6430059823889226 0.38628629764065336
1 0.6087248773274182 0.3534545775357935 0.6142703502050144 0.36196183706392415
1 0.24436090225563908 0.4505460078768349 0.2551020408163265 0.45804242749731466
1 0.33968850698174 0.45311940565699965 0.35117555794247524 0.4608395989974937
1 0.4435195130683852 0.45244808449695667 0.4542606516290726 0.458266201217329
1 0.539593030194534 0.4560284640171858 0.5494390738751641 0.4633011099176513
1 0.23796311865926797 0.5415895969956841 0.24975711376417617 0.5483331932066589
1 0.33908786876669844 0.5337074715542851 0.34971414158399194 0.5415895969956841
1 0.44383255796573445 0.53011672551987 0.4549259196980738 0.5370354800739868
1 0.545774713674495 0.5320434672944342 0.5562842142630271 0.5395752760495488
1 0.6453814248080265 0.5265259794854549 0.6556573809390356 0.5337074715542851
1 0.24653812203464634 0.6025374462098643 0.2573995917466622 0.6099077292287323
1 0.3427397109125013 0.6109421549155909 0.3539459891868035 0.6189589539887453
1 0.441527364007503 0.6121058838133068 0.4529060465629482 0.6206398957298908
1 0.47635302879841107 0.6218036246276067 0.48480083857442346 0.6309841525984773
1 0.5389357828533597 0.5999513819927176 0.5492800397219463 0.6088733035418736
1 0.6438620458249449 0.5801517112453264 0.6542877001246286 0.5855442910555075
1 0.6516513277729844 0.6046879493816508 0.6611183012175247 0.6125970664365832
1 0.7515938069216759 0.6059462180040264 0.7618996261144666 0.6138553350589588
1 0.33829523303207515 0.6846406314608069 0.34838639809400046 0.692393599740091
1 0.44622147399925177 0.6882402238761888 0.4565587650382972 0.6965469756039933
1 0.6499334143940709 0.6842865207573389 0.6619658676393955 0.6931751563314226
1 0.7424837878524695 0.6804189464999131 0.7526163800590585 0.6876791297550807
1 0.24876555154225438 0.7690165978672171 0.258530056759546 0.7768102855177159
1 0.3532188825822727 0.7682775412796697 0.3607438223827543 0.7768774724802201
1 0.5574672485953446 0.763171332129343 0.5683963278293773 0.771905637254902
1 0.6488415176011926 0.7573260663914688 0.6609351708519665 0.7638432017543859
1 0.760668172080366 0.7666590672225116 0.7698960685542238 0.7758191115164147
1 0.344327807877537 0.8498310919762642 0.3547417870657035 0.8596067950206397
1 0.45532066993464054 0.8456990937822497 0.465264340385277 0.8546181630546955
1 0.5642979231166151 0.8498814821981424 0.5738384717922257 0.8589517221362228
1 0.652514404884761 0.8353187080753354 0.6646752450980392 0.8410128031475748
1 0.4448388917839152 0.772765763418447 0.454700075270685 0.780297355393434
1 0.44788028423461396 0.9214716568308643 0.4579168172146614 0.9296263398771528
1 0.554936636021786 0.9249844433738809 0.5647222556773321 0.9341427797181742
1 0.673953189610181 0.9138815287647035 0.6843242736895633 0.9215343851619896
