0 0.2774238340276076 0.03913468372423597 0.7276811239075389 0.978633617626155
1 0.32085226764650887 0.09304484685576858 0.3285750286555079 0.10122373912428381
1 0.3950314194434734 0.08420280116007642 0.40214448879386727 0.09171854000141476
1 0.3938120361262631 0.157370729291929 0.4013315665823937 0.16532857041805193
1 0.3346719452415598 0.1637812124213058 0.3415817840390853 0.17151800240503645
1 0.45884581304414973 0.082434392020938 0.4659588823945436 0.09061328428945323
1 0.45762642972693934 0.10741317111126832 0.4645362685244648 0.11448680766782204
1 0.5222537455390893 0.09127643771663015 0.5273345093607992 0.09812902313079157
1 0.5238795899620364 0.09392905142533778 0.5283506621251413 0.10144479026667612
1 0.6084234999552892 0.09193959114380705 0.6161462609642883 0.09945532998514539
1 0.6685797436043345 0.10498160854495299 0.6746766601903864 0.11360260309825285
1 0.6730508157674392 0.15339180872886754 0.681180037882175 0.16112859871259816
1 0.6035459666864478 0.1509602461625522 0.6106590360368416 0.15913913843106745
1 0.5350572703697982 0.15405496215604442 0.5425768008259289 0.1637812124213058
1 0.4714461073219903 0.17505482068331332 0.47794948501377893 0.18190740609747474
1 0.33176852938521256 0.24413106532116743 0.3387129256046833 0.25225089129252526
1 0.4045110797841681 0.24526406429391504 0.41110825619266533 0.2531950571031482
1 0.5289893820181804 0.24677472959091185 0.5345448989937569 0.25508338872439423
1 0.5946139262921785 0.2133512598948577 0.5991277838348344 0.22128225270409088
1 0.5977389045909403 0.23317874191794066 0.6043360809994374 0.24110973472717384
1 0.6593704210387428 0.21939392108284486 0.6657939875417531 0.2261919149193305
1 0.3336816875489873 0.3156815261441139 0.3402133290924994 0.3224770188791144
1 0.38905864846137245 0.30734160324206783 0.39615825883475514 0.3147548680438865
1 0.4646902176452137 0.3237702537894187 0.4700295666450868 0.33121116208839074
1 0.5372719931122398 0.3252221383355596 0.5439461793620812 0.33393344561240496
1 0.6085189313292977 0.3159663743539114 0.6151931175791392 0.3241332249259539
1 0.600509907829488 0.3275814507230385 0.6060161114856071 0.3342964167489402
1 0.6745933752027284 0.31306260526162966 0.6822686893900461 0.32159242697020735
1 0.4081992185323021 0.3980447491782962 0.41408189930088984 0.4059586992833666
1 0.4278597568904769 0.37430289886308526 0.431729941606653 0.3833955223880597
1 0.4718250552662378 0.40663222695188317 0.4777077360348255 0.4143777951398243
1 0.5363797363320557 0.4039381162778167 0.5433460688211728 0.4115153025486287
1 0.5948969292406389 0.3879418341505469 0.6006248026205795 0.3963609300070047
1 0.6679660166820443 0.3973712215097796 0.6730746605073967 0.40511678969772075
1 0.6642506393545152 0.40023371410097525 0.6692044757912206 0.40747413653752895
1 0.3832099067948125 0.9086511885019347 0.39012996088467783 0.915807865434731
1 0.46114559793805077 0.9186458580115295 0.4672715474602267 0.927530008686725
1 0.5307999128753846 0.9165482113243307 0.53771996696525 0.9245686251283266
1 0.5979822571423302 0.8498134328358209 0.6051291982515354 0.859342400898732
1 0.5265128460502776 0.8465535227090355 0.5322765082351205 0.8533241052800513
1 0.4559656209077999 0.8498134328358209 0.4612681901178554 0.8588408762638421
1 0.3960235341854332 0.8365230300112342 0.40363156826942587 0.8420398009950248
1 0.39899037073518673 0.7633413994384514 0.4061019309478117 0.769575698241466
1 0.45874870505918514 0.7700374981528004 0.46596640796155087 0.7776571966898183
1 0.5334731586366184 0.7776571966898183 0.5402662907800214 0.7858541451160042
1 0.5947174906169862 0.7736164474656421 0.6015106227603892 0.7822751958031624
1 0.6617996705330911 0.7741936973548101 0.668274374607272 0.7819288458696616
1 0.6037058770425205 0.6954045561665357 0.6111537419879028 0.7030145326001571
1 0.6657714182540398 0.6180773762765122 0.673444976076555 0.6249509033778476
1 0.6014489482711926 0.6259328358208955 0.6091225060937077 0.6330518460329929
1 0.5321612349914236 0.6990868028279654 0.5398347928139388 0.7064512961508249
1 0.5353209352712829 0.6271602513747054 0.5436715717251963 0.6345247446975648
1 0.6727678974451566 0.5591614296936371 0.6804414552676717 0.5667714061272584
1 0.6050600343053173 0.5503240377062059 0.6118308206193012 0.5576885310290652
1 0.5341924708856188 0.5461508248232522 0.5416403358310012 0.5540062843676355
1 0.4707727724113027 0.6153770620581305 0.47822063735668496 0.6234780047132757
1 0.39742258734314345 0.6195502749410842 0.403516295025729 0.6261783189316575
1 0.40193644488579944 0.5972113118617439 0.40848153832265055 0.6026119402985075
1 0.39697120158887783 0.6951590730557737 0.40487045228852575 0.7027690494893951
1 0.32858625981764017 0.620532207384132 0.3373882820258193 0.6276512175962294
1 0.3369368962715537 0.691967792615868 0.3439333754626704 0.6978593872741556
1 0.40017083214699894 0.5438092936129071 0.40694161846098287 0.5500407879630189
1 0.4664898160429441 0.5498519548008942 0.4736078221679016 0.5575941144480029
1 0.4706564537746265 0.47507402259955284 0.47777445989958395 0.4818720164360384
1 0.5350657287102173 0.4720526920055592 0.5428781744571218 0.47771768686929716
1 0.6045096909049242 0.47243035832980845 0.6123221366518288 0.4803613511390416
1 0.6696134054624621 0.47054202670856243 0.6765578016819327 0.47734002054504804
