0 0.1527777777777778 0.019142909356725142 0.8304702729044835 0.9671509502923976
1 0.32862675695085664 0.12335526315789472 0.33904662973222527 0.13153085564789163
1 0.23901585103108647 0.0827177593105571 0.24671052631578944 0.09077312249923052
1 0.32077177593105566 0.06925207756232686 0.33151226018262026 0.07658606494305939
1 0.2281150610444239 0.12768351800554015 0.23917615676618445 0.13525796398891965
1 0.44584607543323135 0.0669781774773325 0.4553467639537171 0.07737304844680512
1 0.4268446983922599 0.12783847041150279 0.43779843339234936 0.13622143087075492
1 0.5204248366013072 0.14651259352425183 0.5296966374269007 0.15407112680598561
1 0.535609090127279 0.058128144349845264 0.545687134502924 0.06598901896284835
1 0.5386996904024768 0.0822146704076368 0.547702743378053 0.08916852102683184
1 0.6266730193539404 0.0598827798663325 0.6364631196045669 0.06681743421052631
1 0.6292837127541074 0.12882140246449458 0.6410318330548593 0.13649031432748537
1 0.6507836877234311 0.1611725869443928 0.6582744405182568 0.16504711425206126
1 0.7147133882999608 0.13414775897340525 0.7253037629409212 0.14238112950220075
1 0.7312817563033266 0.0662837935001438 0.7425162975745374 0.07493439027897612
1 0.25021653056174215 0.1919323643183683 0.25819397231013697 0.19779334192943382
1 0.3466784537438623 0.18362931270269212 0.35286504122220924 0.19107763841675457
1 0.33927082926321006 0.2037764232407299 0.34732967347842514 0.21140790450513813
1 0.4394460249723408 0.21677927927927929 0.4470852431378748 0.2257685316895843
1 0.6021637426900585 0.20701754385964913 0.6083625730994152 0.2145175438596491
1 0.6176608187134504 0.21350877192982456 0.6276608187134503 0.22254385964912282
1 0.7213450292397661 0.21166666666666667 0.731812865497076 0.2205701754385965
1 0.21440101991088828 0.26490379594820385 0.22255943678641044 0.2725727078111947
1 0.22604036131996655 0.28472874895572264 0.2367006927039821 0.29215290831244783
1 0.3226360171261487 0.28554459064327486 0.33329634851016426 0.29419251253132833
1 0.3365597152603731 0.29655845342522974 0.3450444688109161 0.30300360275689225
1 0.42673741645781116 0.29476360171261484 0.4369626322751322 0.30390102861319973
1 0.5343197403230298 0.291500234962406 0.5422605994152047 0.2995770676691729
1 0.640270380813144 0.2738780545112782 0.6512570488721804 0.28171013471177947
1 0.5976290552770815 0.2760808270676692 0.6079630499860762 0.2841576597744361
1 0.7217761481894036 0.2820999257402766 0.7303495363924214 0.28857831306661713
1 0.23927875243664715 0.3676976730019494 0.24648716699155296 0.3750837597465887
1 0.2459795321637427 0.37021046539961017 0.2516650422352177 0.37744426169590645
1 0.3452729044834308 0.3563520346003899 0.3522782651072125 0.36168220029239767
1 0.34547595841455486 0.3596262792397661 0.3525828460038986 0.36503259015594547
1 0.4290326510721248 0.37302783869395717 0.43888076673164395 0.37950018274853803
1 0.5241634178037687 0.3744745979532164 0.5335038986354776 0.38125152290448344
1 0.6174666991552956 0.36465186403508776 0.6255888564002599 0.3724948221247564
1 0.591272742040286 0.3410468445419104 0.5975674139051332 0.3494228192007798
1 0.7072165367121508 0.38079465155945424 0.7184860298895387 0.387114705165692
1 0.23408086822896657 0.4407734665129978 0.2448857087975413 0.44717633499807913
1 0.32865657147735516 0.44197400435395057 0.3397281982328083 0.44957741067998463
1 0.4301687155845819 0.44037328723268027 0.4415071285269134 0.4460758419772058
1 0.5248778119264097 0.44217409399410934 0.5355492594015452 0.4494773658599052
1 0.22782651072124757 0.5307931286549707 0.23964424951267055 0.5374634502923977
1 0.3290692007797271 0.5202850877192983 0.3397904483430799 0.5280519005847953
1 0.43323586744639375 0.5153508771929824 0.44334795321637427 0.5231176900584795
1 0.5326510721247563 0.5175438596491229 0.5428849902534113 0.5249451754385965
1 0.6307261208576999 0.5100511695906433 0.6412037037037037 0.5171783625730995
1 0.2385989228094491 0.5906998851077798 0.2487051829157092 0.5975956979246453
1 0.3339625050151366 0.5979376390560601 0.3446006735480419 0.6053463635700478
1 0.43160569476358945 0.5978236586789217 0.44254781096886353 0.6053463635700478
1 0.46716757243073026 0.6061442262100157 0.4741583688952109 0.6144647937411095
1 0.5278051330682909 0.5838040722909144 0.5377594193383667 0.5910418262391947
1 0.6392019549914286 0.5871095032279243 0.6474085421453842 0.5937773552905131
1 0.7377569877569876 0.5869955228507859 0.7481671955356165 0.5951451198161725
1 0.3313637102014295 0.670146503411306 0.3417194606887589 0.6775325901559454
1 0.4375783935232696 0.6716390558569125 0.44837022919415526 0.6800383619215169
1 0.638245451139455 0.6655304696281092 0.6506662431380215 0.674540634315594
1 0.7288561468667025 0.6603381713336266 0.7394443629966281 0.6672866881688903
1 0.24481407922321524 0.7541670114752289 0.25377910184265695 0.7620976084078119
1 0.346417668910221 0.7529601815072271 0.35492294677994773 0.7608045762992386
1 0.43790687410349777 0.7554600435838023 0.4464121519732244 0.7631320340946706
1 0.5492800397219463 0.7452019888557873 0.5596242965905329 0.7533049900695133
1 0.6389302659163631 0.7370127855014895 0.6499641399095222 0.7433917439037846
1 0.7468553459119496 0.747184638088933 0.7583489646548236 0.7547704264592299
1 0.3398053059477963 0.8338682071031237 0.3503244900870061 0.8422924689773215
1 0.4494544287548138 0.827717158750535 0.45926044786763653 0.8357402652973899
1 0.5580338040222508 0.8299903722721438 0.566591784338896 0.8393506632434745
1 0.643970189701897 0.8144790329482243 0.6569854514334617 0.8231707317073171
1 0.4430719656283566 0.9043591120658789 0.45366392170903447 0.9142051557465091
1 0.55078171619525 0.9057017543859649 0.5595834825158134 0.9140932688865019
1 0.6677407805227353 0.8927228786251342 0.677437641723356 0.899547977085571
