1 0.24801587301587302 0.10526315789473689 0.25637009189640764 0.1134868421052632
1 0.3326023391812865 0.09234022556390983 0.342000835421888 0.09978070175438603
1 0.4587017083390892 0.09129800386793756 0.468774462402726 0.10122686144495095
1 0.4379806142653221 0.15497219919878438 0.4494923331951927 0.16339014366625224
1 0.33869203849518814 0.1506553046000829 0.3502037574250587 0.15864155960768062
1 0.23796449785882032 0.15324544135930376 0.24947621678869092 0.16101585163696644
1 0.5493366500829187 0.08264598062319979 0.560428849902534 0.09055599196997467
1 0.5515187221785807 0.10719429169939775 0.56133804660906 0.11455878502225712
1 0.6418928748072502 0.08414615518896744 0.6526213959442553 0.09219254604172121
1 0.5318565544860855 0.17449996586797736 0.5420961612851845 0.18175302068400576
1 0.6433544951873847 0.15764727967779374 0.6557273534029627 0.16554030991876578
1 0.729537852413134 0.16330039593146292 0.7403463262566273 0.1718334015973787
1 0.7487371151614445 0.0932230869001297 0.7601144560493323 0.1020760802785173
1 0.2600925214496094 0.21977445895761302 0.26943003799035303 0.22627737226277372
1 0.3489323216801127 0.23308042002817264 0.35853662440773465 0.24148418491484186
1 0.35640233491270756 0.2135716801126905 0.3641391343321808 0.22127513125880396
1 0.4496441072267042 0.24688660519912925 0.45804787211337344 0.25529037008579847
1 0.628924424808981 0.24558602253809708 0.6394624791906774 0.2533895185042899
1 0.7337713962521876 0.24418539505698555 0.7441760575404448 0.2519888910231784
1 0.23636763412489006 0.3146958755728371 0.24331111419710227 0.32135004397537376
1 0.23916431359841997 0.31614243392121466 0.24716860312610903 0.3209160764708605
1 0.33454072736811247 0.31578079433412026 0.3429307657887022 0.32388152108503443
1 0.34688469194093413 0.32757024487339725 0.35749278649570276 0.335887955376568
1 0.4371401915944206 0.3254275035838624 0.4459576307825335 0.33406717182060214
1 0.5433761121350718 0.32361423987985527 0.551766901039889 0.33097395726670764
1 0.6511764170478076 0.30804150453955903 0.6612738070858079 0.3148679090722917
1 0.7318133205907116 0.316254522493003 0.7402041094955287 0.32180097617584824
1 0.24923545535140584 0.39784026303589287 0.2566063977746871 0.40512224580923795
1 0.2556913842324866 0.40008967132713563 0.2616389722567894 0.407409779664739
1 0.35359783324793204 0.3879276163287217 0.36234129598451387 0.396543993851109
1 0.43752490870198213 0.4043597345240709 0.4476408917518646 0.41164171729741594
1 0.5316556758326075 0.40716633486790255 0.5413331397840542 0.4137763883704533
1 0.5999163590615625 0.3750233296005972 0.6054463384623892 0.3833831031479408
1 0.6248012663652827 0.39835293019783496 0.6330962354665228 0.40619426817635096
1 0.24337288635024254 0.47078148374813 0.2547061290176345 0.4772626818985448
1 0.33800546262296566 0.4721627226982184 0.3490553742236729 0.48045015639874883
1 0.4380213291627 0.4721627226982184 0.4489295752300648 0.47768767849857197
1 0.5323705743687384 0.47471270229838164 0.5425704927693912 0.48183139534883723
1 0.238729837414048 0.5593912666281087 0.24957425615320356 0.5660184114131482
1 0.33773536405115356 0.5503542510121457 0.34878060535955274 0.5578850973587816
1 0.4401548743654007 0.5468900616926933 0.45019600282758176 0.5536678234046655
1 0.5385579332947754 0.5497517833044149 0.5487998843262001 0.5575838635049162
1 0.6351535891009575 0.5437271062271062 0.644993894993895 0.5503542510121457
1 0.24912558294470355 0.6179769042860315 0.26022929158338887 0.624569731290251
1 0.34258179732030497 0.6259576948700866 0.3532228514323784 0.6334179991117034
1 0.43742597527574206 0.6271721630024428 0.4487610111777334 0.6346324672440595
1 0.47096842845510406 0.6370614035087719 0.4788335554075061 0.6450421940928269
1 0.5315761714412613 0.6153744725738397 0.5419858982900289 0.6233552631578947
1 0.6324348582426531 0.5968104596935376 0.6426132578281145 0.6020153231179214
1 0.6402999851950552 0.6193648678658672 0.6488590939373751 0.6263046857650455
1 0.7372261085202457 0.6200588496557851 0.7478671626323191 0.6276926493448811
1 0.339713948955075 0.6954984360125118 0.34991386735572777 0.7031483748130014
1 0.44227979509497256 0.6982609139126886 0.45332970669567973 0.7065483476132192
1 0.6391948864409085 0.6952859377124982 0.6499614669749308 0.7025108799129607
1 0.7284441724466204 0.6925234598123214 0.73609411124711 0.698048415612675
1 0.63692823790743 0.7634978920168638 0.6468448252413981 0.7694478444172446
1 0.5490956072351421 0.7698728410172718 0.560428849902534 0.777735278117775
0 0.16739766081871363 0.03810307017543861 0.8216374269005849 0.9769736842105263
1 0.2571282743347521 0.774194176269075 0.26534655178379873 0.7819799127997509
1 0.3548825218865705 0.774194176269075 0.36353334025398804 0.7819799127997509
1 0.44139070556074606 0.778087044534413 0.4511228762240908 0.7858727810650887
1 0.7433042665836189 0.7720855392920171 0.7521713554102217 0.7808444928890272
1 0.3475805526889118 0.8499598669877307 0.35785269273401366 0.858738963421626
1 0.4526908229178611 0.8461973970874899 0.4612907541184115 0.8533640064212819
1 0.44576310056186214 0.9162510033253067 0.4557963536291709 0.9246717692925123
1 0.5475289531017085 0.9191176470588236 0.556606658257845 0.9273592477926844
1 0.5568455452356381 0.8499598669877307 0.5647288155028093 0.8590972938883156
1 0.6397393265298322 0.836343309253526 0.6512059014638993 0.8427932576539388
1 0.6590891717310706 0.9089052287581699 0.6698390857317585 0.9166093337919963
