0 0.16496101364522422 0.021427266081871333 0.8502680311890839 0.9854258040935673
1 0.26405494992120243 0.08179482671042863 0.2732534286719025 0.09015893017622006
1 0.35003662475833663 0.06945270002521711 0.3603185753569413 0.07722045102489287
1 0.4766348901172261 0.06884362733317312 0.4863147213543753 0.07960826724345109
1 0.5670912440919651 0.06145858367379636 0.5781062244652728 0.06971981895377714
1 0.5690939677962029 0.08474024673556037 0.5794413736014313 0.09262597132099655
1 0.6583820662768032 0.06483817992469759 0.6693970466501109 0.07247356404710406
1 0.6615530454751796 0.1340573179524153 0.6732356004165666 0.14269406392694065
1 0.7646691635455679 0.0736081337472896 0.776167947959787 0.08300222994283465
1 0.7475615611741773 0.14175911592707258 0.7601031275083133 0.15022467320261437
1 0.2546582380377395 0.12851587470701042 0.26583031465302936 0.13683944172171317
1 0.3565631122306185 0.12530795660435728 0.36742675328118785 0.13366283309028243
1 0.4566375005523885 0.13062469618630965 0.4672249473389603 0.13877242697423664
1 0.5498020022462337 0.15112880504240736 0.5605732736919562 0.15829956721273386
1 0.27422055623555014 0.1932406415748674 0.28505796953624374 0.2014483884128927
1 0.3655948252413981 0.2068670950632395 0.37441350469196244 0.2153935893512852
1 0.37335101319189445 0.18662663198694412 0.3806822045423637 0.19483437882496943
1 0.4670151181391446 0.22200259617654 0.4756198699289329 0.22999272283848635
1 0.6472660384889027 0.22115935238690196 0.656810175785656 0.22929356031027123
1 0.651278914397765 0.22335558852621165 0.6613653322227427 0.23051369149877662
1 0.6327331486611265 0.2129405201600493 0.6388888888888888 0.22169321329639893
1 0.7518651549951946 0.2195273175976152 0.7630642297480005 0.22853748228509996
1 0.23744440326167532 0.266014949345194 0.24825488015814184 0.2766323820113665
1 0.24786879169755377 0.2869602483320979 0.2611244955110782 0.29603332715591796
1 0.34683613376163414 0.2896628675562145 0.35803269911868874 0.2982533358042995
1 0.3590622683469237 0.29719159253768224 0.3697440490898608 0.30694032616753153
1 0.45249567580924144 0.29970116753150483 0.46253397578453176 0.30877424635532497
1 0.561115229388024 0.2964194156165061 0.5712822255168438 0.30655423770694346
1 0.6701208714273948 0.28309936372621697 0.6813174367844494 0.29072461082283174
1 0.7521003212255992 0.291689831974302 0.7611090519726545 0.2980602915740055
1 0.26094027202838554 0.3727330967869111 0.26849661607201525 0.38111078257441355
1 0.26849661607201525 0.37458111571062486 0.2744924108022866 0.3823427951902227
1 0.36870030882449567 0.36207618766016164 0.37748866548393456 0.37094667849398777
1 0.45411985018726586 0.37957076680465207 0.4638116827649648 0.38677804060713583
1 0.5489026874301859 0.3819115907746895 0.5588409225310467 0.3881948551153164
1 0.6203094541910331 0.3494228192007798 0.6254873294346979 0.35840795565302147
1 0.6454881416504223 0.37417001705653025 0.6536102988953867 0.3817845394736843
1 0.7368914441224436 0.3916109656913153 0.7475382505998567 0.39808669097254684
1 0.2546273692890234 0.4467774550011392 0.26574824507155337 0.45440610454708197
1 0.3500363462769478 0.449066049864922 0.3619709446777116 0.45694898772906295
1 0.4542606516290727 0.4485066155648862 0.4653815274116026 0.45460953520164044
1 0.5504155410170448 0.45227008267421803 0.5613329861450163 0.459339297920125
1 0.24865510458067364 0.5380133686619295 0.26002984195806067 0.5447880284234614
1 0.35019136322881955 0.529858685615641 0.3607297228578693 0.5377624553374283
1 0.45582587284381815 0.5257186157613715 0.46577876804903184 0.5329323738407805
1 0.5573621314919641 0.5282277490063833 0.5677332155713464 0.5356924204102935
1 0.6573092724182692 0.5227076558673571 0.6672621676234828 0.5294823156288891
1 0.257573740421881 0.5990863805804562 0.267990098912261 0.6062052528031715
1 0.3532932950701656 0.6074995932073016 0.36463418242063844 0.6149420505310494
1 0.4535738587615751 0.6088863864974409 0.46411348776663414 0.6166986553652258
1 0.5508959301006874 0.5966363791012099 0.5608808417896907 0.6044024215259903
1 0.6637500862893604 0.6010741176296559 0.6724406575742335 0.6083316691813851
1 0.7634142974073745 0.602368458033786 0.7740771969271126 0.6097646889145291
1 0.3501095881049312 0.6816349617784027 0.3595063409776528 0.6890028702808775
1 0.45811122826543255 0.6847926368508919 0.46830121352351384 0.6929842866766247
1 0.6619803537039981 0.6801674219536757 0.6740163601349799 0.688697527428844
1 0.756225596720906 0.676854759633222 0.7667156940690093 0.6843496581332486
1 0.2607968964721696 0.7654242273780506 0.27020076635270285 0.7734645361259066
1 0.3654306220095694 0.764671917787608 0.3731417953116067 0.7729473232824772
1 0.45752585437292487 0.7690917366314586 0.4663654920606261 0.7768029099334959
1 0.570434985405194 0.7599229634979386 0.5804657799444294 0.7680102915951973
1 0.6630944499613814 0.7533872739309682 0.6731252445006168 0.75888853781108
1 0.7751258864714674 0.7636845114501519 0.7811443631950088 0.7707374138605518
1 0.3565478341161829 0.8467622144606366 0.36708619374523266 0.8558578224738046
1 0.4681206257443762 0.8420575896262394 0.4774880565257537 0.8512786543016579
1 0.5773515596772252 0.8461349311493838 0.5854644238360966 0.855105082500301
1 0.6655894121268082 0.8310801316793126 0.6781350783518674 0.8379175197719699
1 0.4608236314537618 0.9181001529051988 0.4704360927803709 0.9260639653414883
1 0.5683490709444355 0.9212018482751221 0.5772908954343045 0.9302554455711143
1 0.6871635638535687 0.9098848516551317 0.6972231164046712 0.916842708836311
