0 0.15886939571150108 0.02028508771929824 0.8243786549707602 0.9751461988304094
2 0.24663107042969742 0.06864988558352401 0.2552123061276379 0.07580091533180777
2 0.42779049071955244 0.07151029748283752 0.43637172641749294 0.07818459191456903
2 0.5345792016272565 0.07365560640732265 0.5428426137808289 0.07961479786422578
2 0.4379608441393338 0.14778794813119756 0.4443173150266971 0.15279366895499616
2 0.3308543096872616 0.15327040427154842 0.3381642512077294 0.15922959572845155
2 0.23932112890922957 0.1465961098398169 0.2463132468853292 0.15327040427154842
2 0.5342613780828883 0.15422387490465292 0.5418891431477243 0.16042143401983217
2 0.6292906178489702 0.1523169336384439 0.6362827358250698 0.15803775743707094
2 0.760874204977163 0.07240843898066335 0.7688777905835146 0.07861121782558589
2 0.7323280829811755 0.22247566909975672 0.7384641652793784 0.22847835830452043
2 0.630949331967388 0.22887853758483803 0.6392197037606181 0.23388077858880782
2 0.5367738079993171 0.21487226277372262 0.5437102488581551 0.2208749519784864
2 0.4415311392837324 0.2248767447816622 0.4479340077688137 0.23047925470610836
2 0.32974772698168775 0.21867396593673968 0.33668416784052585 0.22467665514150342
2 0.3268130789260255 0.29270713279549243 0.3342830921586204 0.2981095530797797
2 0.5255687881504247 0.30011044948136767 0.5335723737567764 0.30571295940581383
2 0.6338839800230502 0.29370758099628635 0.6405536346950099 0.2999103598412089
2 0.7336620139155675 0.29850973236009737 0.7405984547744056 0.3039121526443847
2 0.7277927178042429 0.3733432577794852 0.7357963034105945 0.3791458573440901
2 0.7424659580825542 0.44237418363426817 0.7491356127545139 0.44717633499807913
2 0.6234793187347932 0.43877257011140997 0.630949331967388 0.4435747214752209
2 0.6272143253510906 0.3647394032526572 0.6352179109574423 0.3701418235369445
2 0.5365070218124386 0.378345498783455 0.5455777521663038 0.38354782942758353
2 0.43886327741494857 0.3807465744653605 0.4479340077688137 0.38634908438980664
2 0.3406859606437017 0.383147650147266 0.34815597387629654 0.3875496222307594
1 0.3409527468305801 0.3983544627993341 0.3537584838007427 0.40375688308362145
2 0.32608072468753585 0.4421797958949662 0.33515842984367233 0.449525570462103
2 0.4359687344723464 0.44343395252837975 0.4428964568283454 0.44916723999541336
2 0.534629056300883 0.4493464052287582 0.5420345526124679 0.455796353629171
2 0.6576558498643122 0.5165333677330581 0.6660168940870695 0.5226249856667813
2 0.5372568130566067 0.5245958032335741 0.5444234223903986 0.5303290907006077
2 0.4383576042502771 0.5238791423001949 0.4455242135840691 0.5308665864006421
2 0.34734166571111874 0.5310457516339869 0.35594159691166916 0.5367790391010205
2 0.32082521117608837 0.5928577571379429 0.32799182050988035 0.5980535489049421
2 0.33229178611015553 0.5980535489049421 0.3399361693995337 0.6043243320720101
2 0.43166876887207123 0.5973368879715629 0.4402687000726217 0.6032493406719412
2 0.5382123609677789 0.591066104804495 0.545856744257157 0.5973368879715629
2 0.23345333468546123 0.6738984382922625 0.24042524422810396 0.6794442754284555
2 0.43584998140824116 0.6803949903660886 0.44303316093702466 0.6857823750126762
2 0.6536693371192915 0.7634240949193793 0.6606412466619342 0.7696037420139945
2 0.636830076245466 0.835887186320231 0.6458518395143977 0.8426535087719298
2 0.5375906802872159 0.8560126582278481 0.5440678436597824 0.8620849988896291
2 0.43210544821970537 0.8305088274483677 0.4388139388555778 0.8357136908727515
2 0.22113498408468432 0.837448645347546 0.22946276556369827 0.8423065178769709
2 0.3305527796283959 0.913960137685987 0.33772392479088015 0.9215939373750833
2 0.429329521060034 0.9172565511880968 0.43742597527574206 0.9235023872973573
2 0.6463144940410096 0.9078877970242061 0.6537169664668 0.9148276149233844
2 0.5387473166037456 0.9132661558960692 0.5463811162928418 0.9198589829002887
