0 0.1479328165374677 0.05911823647294592 0.8343023255813954 0.9464484524604765
1 0.22427481870467614 0.10849117590018752 0.23560577644411101 0.11711056521645445
1 0.33016066516629156 0.10041049841618727 0.34149162290572643 0.10714439631952082
1 0.4215897724431108 0.09717822742258715 0.43292073018254557 0.10472019307432073
1 0.42002688172043007 0.11872670071325452 0.43057639409852466 0.12599931044885473
1 0.5144208846329229 0.10402831807405663 0.5213083295333637 0.1097587331525797
1 0.5154896260829913 0.10632048410546585 0.5235645614835082 0.11344257141734451
1 0.6398198814409485 0.10378272885640563 0.6506260449916401 0.11172344689378759
1 0.7265066879464964 0.11516169594090143 0.7364816081471348 0.12375731855868602
1 0.24119987328562909 0.1710953959200452 0.25226408765652947 0.17840167514516211
1 0.3269184183064997 0.1639496942603155 0.3383320289206917 0.17165741739890036
1 0.4401228011329756 0.17976658445095317 0.45048822301729274 0.18626997584913416
1 0.5331786672629696 0.16009583269102307 0.5437770199761478 0.1682852885257695
1 0.6324072003577818 0.1554390832947947 0.6437043455575432 0.1640299830430091
1 0.7343144379844961 0.15889150095061919 0.7449127906976745 0.16659922408920405
1 0.23679162704244835 0.24258554283287767 0.24719298435203596 0.25078037115122437
1 0.33864387913892974 0.2440755116180316 0.3526924656349961 0.2517116016419456
1 0.5243824025244229 0.2440755116180316 0.5334329342093888 0.2524565860345226
1 0.620561186997493 0.2114824444427889 0.6281258104953749 0.219956641908352
1 0.6252890766836691 0.2301070542572133 0.6350150211809459 0.23876749782092066
1 0.716064558658252 0.2178148117796932 0.7257905031555287 0.22554402485267933
1 0.23816408037608686 0.30784466966132623 0.24830469692557305 0.3148353952986474
1 0.3181189416316512 0.3003161958980573 0.32942962932146275 0.30757579559835235
1 0.42953571577151894 0.3135806496714359 0.4386362690851604 0.32209499499894245
1 0.5373122685859301 0.31635901498883273 0.5474528851354162 0.32487336031633923
1 0.631437991429879 0.31609014092585885 0.6404085368390399 0.32308086656318
1 0.6417086158838458 0.30685879809708866 0.6528892956691768 0.3151938940492793
1 0.7496151766027375 0.2853488730591774 0.7617059117194326 0.2946698405756056
1 0.7396045679577319 0.3053351784069032 0.7515652951699464 0.3124155287318824
1 0.731435825728584 0.38317140610334594 0.7417390344421548 0.3908449811014434
1 0.7250883132175449 0.3846934375079272 0.7335516632322637 0.3923035945308338
1 0.6234808172382078 0.37305118712000274 0.6316926159505978 0.3815427465099691
1 0.5356145710156353 0.3889020979812733 0.5464952043095519 0.39626144945257746
1 0.4413841807909604 0.3915910917880959 0.45205951911706743 0.39739365737123966
1 0.3752792011562213 0.3613045299638825 0.3806168703192747 0.3697960893538489
1 0.3465379056628564 0.38409021432695895 0.3545444094074366 0.3914495657982632
1 0.4389290599960914 0.4558465670837473 0.44976915184678523 0.4627932335258752
1 0.5345050811022083 0.45258373890638415 0.5456505276529215 0.45826737508630705
1 0.6383256791088529 0.45300474899378584 0.6500818350596052 0.4607934356107172
1 0.7348177643150283 0.4513207086441791 0.7455051788157122 0.4581621225644566
1 0.33237422876127193 0.5209398388613962 0.3427562885619364 0.5279947650402846
1 0.4329318936877076 0.5256431229806552 0.44375889890840053 0.5329025397734243
1 0.5348243948742287 0.5230869903071449 0.5447615092548648 0.5303464070999141
1 0.6387933080208827 0.5273812931986421 0.6499169435215947 0.5353564271399942
1 0.7403891789273849 0.5348452006052922 0.7513644992880874 0.5415933908633593
1 0.22594063149933824 0.5937892044251104 0.23740310077519378 0.60112094106913
1 0.3272121384004537 0.5920784658748391 0.3370202306674229 0.6000619124427717
1 0.3335933068633012 0.5696759372403343 0.3450557761391567 0.5752154715935937
1 0.4385280771412365 0.5884125975528293 0.44951786727169596 0.5962331166397836
1 0.5358999810928342 0.5996545937403261 0.5466534316505955 0.6072307216058133
1 0.6358716203441104 0.5990843475569024 0.6463887313291737 0.6060902292389657
1 0.7319436566458688 0.5915896834319044 0.741988088485536 0.5981067826710331
1 0.6402866880513232 0.666845627594712 0.6495396644253901 0.6736231082855365
1 0.5321425266794152 0.6701014761618728 0.5416846585651718 0.6774105239657033
1 0.32607103201529825 0.6659153851469517 0.337637252482882 0.6738224459529137
1 0.23280751253989965 0.6626611065267791 0.24581053351573187 0.6715023183622146
1 0.21820724168383868 0.7411024580807184 0.22841845746246686 0.7498541386570609
1 0.32639093317633205 0.7323507775043758 0.33880997939358254 0.7386291570482737
1 0.418935825728584 0.7385657390730829 0.4312628790108919 0.7468734938230892
1 0.6271424599912971 0.7434703086005692 0.636510056568196 0.7513863485807374
1 0.7291283904655997 0.7439911007045276 0.7398557994488226 0.7516988238431124
1 0.5330725381540697 0.7473697394789579 0.542724609375 0.754219376252505
1 0.5230019295216817 0.8144936160530669 0.5329986290240682 0.8229165755090969
1 0.6334416573575709 0.8184316230714705 0.6429623235503199 0.827182749779034
1 0.32221910899411593 0.8039965473114904 0.33513414121602686 0.8109381413429267
1 0.4141566265060241 0.8177288311562884 0.4235692771084337 0.8264812758046212
1 0.3025182123844214 0.8765814762054228 0.3134631549453628 0.8830703575826351
1 0.4222558840011207 0.8869938672525773 0.43232523115718685 0.8951426950286113
1 0.527984029139815 0.8839757828910833 0.5389289717007565 0.8915209937948184
