0 0.2954924874791318 0.05256154357950759 0.753199777406789 0.9474384564204924
1 0.3529692344383496 0.09639163231977606 0.360557639355636 0.10442750861912542
1 0.35015068404050037 0.10339062135469325 0.3579559005268521 0.11220416310236674
1 0.4186631398651432 0.09587318868755998 0.42625154478242955 0.1054643958835576
1 0.42495067536803766 0.09691007595199215 0.4316718340090627 0.10572361769966564
1 0.48825965353511264 0.10157606864193693 0.4947640006070724 0.11168571947015064
1 0.3592567699412441 0.185045493428727 0.36597792858226913 0.1933405915441844
1 0.4229993712464497 0.1796018352904581 0.42950371831840944 0.18763771158980744
1 0.4858747262753941 0.1767503953132696 0.4936799427617457 0.18711926795759135
1 0.5567721093597554 0.09924307229696454 0.5641437027079765 0.10805661404463804
1 0.6276349038280402 0.10514768129111425 0.6341308146521766 0.1140015688467423
1 0.7009087779242967 0.09380849196548534 0.706885015882502 0.10281771088173844
1 0.6888263837914034 0.10141972863611295 0.6957120492649878 0.11011828483111595
1 0.6989600046770559 0.18856062194676793 0.7062354248000884 0.1969485154205208
1 0.6206193201379732 0.18017272847301505 0.6275049856115575 0.18871595330739296
1 0.5603372676899893 0.18172604207926557 0.5680024424624699 0.19073526099551866
1 0.3478139894994072 0.2595388932280367 0.3533304299436258 0.26879574184963406
1 0.4136241562023662 0.2593074720124967 0.4216568677264039 0.2675229251641644
1 0.48669279717403396 0.2661343978709248 0.4911446613921753 0.2753912464925222
1 0.5582129636350439 0.2696057161040238 0.5622777092255208 0.28001967080332085
1 0.6233456727395901 0.26474587057768517 0.6306041470082988 0.27238277069050304
1 0.6900268563547942 0.26740721455639443 0.6968014323389223 0.2764326419624519
1 0.3424794011524584 0.3436675037022729 0.35001884861866556 0.35284270169338744
1 0.4211050675857612 0.3415749146867555 0.42877914804243633 0.3515549546069152
1 0.4807474823630783 0.34704783980426246 0.4882869298292854 0.3568669113386131
1 0.5565458559965535 0.34753074496168956 0.5644892024341644 0.3557401326379499
1 0.6293823038397329 0.3478526817333076 0.6367871183154721 0.356544974566995
1 0.7008724217782325 0.3481746185049256 0.7089504012063117 0.35734981649604014
1 0.6921212773978136 0.4352585152276093 0.6997953578544887 0.4441117764471058
1 0.6258818460875653 0.4346146416843732 0.6336905595347084 0.4421801558173975
1 0.5530453982443858 0.43139527396819266 0.560046313748721 0.43960466164445305
1 0.483036243201034 0.4252784753074496 0.4907103236577091 0.4342927049127552
1 0.4870752329150736 0.4293026849526753 0.4936722494480048 0.4375120726289357
1 0.41612364693844583 0.4241516966067864 0.42312456244278096 0.43332689459790097
1 0.3513651785233454 0.42785396948039406 0.35903925898002054 0.4360633571566544
1 0.34258486366165836 0.5133067198935463 0.3512799109627157 0.5185046573519627
1 0.42153589315525875 0.5099800399201597 0.42866583194212576 0.5174650698602794
1 0.48101001669449084 0.5126829673985362 0.48848775737340017 0.521415502328676
1 0.48106493278270795 0.520747977728753 0.4871276689218873 0.5270511608362222
1 0.5528062644089355 0.5141977948864176 0.5598616742189364 0.5223956848208345
1 0.6316082359488036 0.5107523049139816 0.6373718101597902 0.5206135348350918
1 0.6939144606089515 0.5098018249215854 0.6994792908816281 0.5200194848398442
1 0.34486555606862507 0.5949802522614346 0.351791993748446 0.6034739032573151
1 0.4187475579867154 0.5886100140145241 0.4249635918019394 0.5971036650104047
1 0.48836713671722376 0.5951925935363315 0.4949383724647462 0.6038985858071092
1 0.5501722729371648 0.5990147364844778 0.557276311583135 0.6075083874803584
1 0.6235214719568074 0.6024121968828301 0.6295599048058821 0.6111181891536076
1 0.6219230632614642 0.6036862445322121 0.6283166980428373 0.6132416019025778
1 0.6906546371612262 0.5983777126597868 0.6975810748410473 0.6072960462054613
1 0.3447002952241019 0.6790778116790942 0.3507958313810938 0.6865832367961625
1 0.3499770280167218 0.6803831030038017 0.35479887005135713 0.6890850451685185
1 0.41056847698025317 0.6732040007179102 0.4165730349856481 0.6813620714973323
1 0.48553447389609383 0.6785339402937993 0.4923578352658609 0.6870183339043983
1 0.5565884102932681 0.6766847775837971 0.5647764439369886 0.6852779454714549
1 0.5567703665964618 0.6858218168567498 0.5637756842694227 0.6946325332985256
1 0.619502160593073 0.6881198026111366 0.6271666497812978 0.6987581565101986
1 0.6902445148246197 0.683485272199664 0.6979090040128446 0.6926490027859848
1 0.34538696569754623 0.7599517945241593 0.35074180237502756 0.7701201370843219
1 0.41279490975525246 0.7623997288441984 0.4197246983966989 0.7701201370843219
1 0.4803603490093552 0.7584453734041352 0.4874476328471981 0.7663540842842617
1 0.47973036822376913 0.7635295446842165 0.4861876712760261 0.772191466124355
1 0.5490282546382335 0.7595751892441531 0.5531231297445428 0.7684254133242948
1 0.5521781585661637 0.7657891763642526 0.5584779664220241 0.7738861898843822
1 0.620846064195042 0.757880465484126 0.6279333480328849 0.7663540842842617
1 0.6197435978202664 0.771438255564343 0.6263583960689199 0.7814182954845027
1 0.691876397769868 0.7667306895642676 0.7000661479824865 0.7746394004443943
1 0.6899864554131099 0.7736978872443792 0.6973887296437458 0.7806650849244906
1 0.3432043391346092 0.8388073638131464 0.3493662542004915 0.8475452528419557
1 0.3401950317768527 0.8350380783497384 0.346356946842735 0.8427479804339819
1 0.4112720055600536 0.8400066819151397 0.41872362377926015 0.8487445709439491
1 0.48843601123824254 0.8515651623582106 0.4951138075654546 0.8599386592668323
1 0.551793639806181 0.8447495253395649 0.5587971822956961 0.8548756146244098
1 0.6263063311431386 0.8445494332436045 0.6328411777018782 0.8510196731918427
1 0.6845073083069131 0.8472351932221184 0.691859010685495 0.8549262331605901
1 0.6821588478248661 0.8489443132084454 0.6900210850908496 0.8573678331410574
1 0.3419915545517038 0.9190149113537631 0.34984778552489443 0.9292884818598097
1 0.3454286556024747 0.9219502172126335 0.3513208288323676 0.9295820124456967
1 0.41122459000294603 0.9295820124456967 0.4183442993224 0.9386814606081955
1 0.4139251693999803 0.9278208289303745 0.42104487871943436 0.9345720324057766
1 0.4834037120691348 0.9190149113537631 0.49003240695276434 0.9263531760009394
1 0.547726603162133 0.9292884818598097 0.554846312481587 0.9395620523658564
