0 0.29391965593542557 0.5050505050505051 0.7372456134883286 0.8130669754873576
1 0.344496536303187 0.5439930376236108 0.3512911265739514 0.5498906549861964
1 0.34125366367395854 0.5597731489451234 0.34928363399395285 0.5661489514992699
1 0.4047213137031444 0.5304444571960495 0.4121335939985238 0.5366608646863423
1 0.40672880628314295 0.5347481239200984 0.41444993159082977 0.5416021116658059
1 0.48208698928616656 0.526459580599708 0.48872715705077724 0.5341105436646838
1 0.4047213137031444 0.5978685692061487 0.4108982139492938 0.6040849766964417
1 0.4036403561600682 0.5945212728652218 0.4110526364554476 0.6001001001001001
1 0.4756012440277096 0.6222560139757591 0.48347679184155024 0.6294287918491739
1 0.48023391921232167 0.5916521617158559 0.48764619950770105 0.5980279642700024
1 0.5382967815261268 0.5270971608551226 0.54462810427843 0.5342699387285375
1 0.6113386269368443 0.551484605624733 0.6193685972568386 0.5588167785620014
1 0.5401498515999716 0.5973903840145878 0.5464811743522748 0.6048819520157099
1 0.5441648367599687 0.5930867172905389 0.5523492295861168 0.5997813099723928
1 0.6139638095414578 0.602012840866344 0.6192141747506849 0.6103013841867344
1 0.6107209369122293 0.6182711373794175 0.6172066821706863 0.6252845201889787
1 0.6890131475321739 0.6036067915048806 0.6962710053213995 0.6090262236759051
1 0.6788212621260273 0.6185899275071249 0.6860791199152529 0.6251251251251251
1 0.3387955217569354 0.6188932122784263 0.34546513194489836 0.6263283407822305
1 0.3459987007599354 0.6936575600111252 0.3524015265403798 0.700817313385159
1 0.40282377956137977 0.6739682382325323 0.4094933897493427 0.6796134283928281
1 0.4088264287305464 0.6628155454768259 0.41723013756737976 0.667083859988269
1 0.47685645264776855 0.6621271076523996 0.4847265926695648 0.6680476729424659
1 0.4789907279079167 0.6657069843394163 0.4865940835221945 0.6719029247592533
1 0.47885733570415745 0.6714898620645975 0.4867274757259537 0.6783742403088607
1 0.54862145827025 0.6619894200875143 0.5571585593108425 0.669149173461548
1 0.5440861233424351 0.6705260491104007 0.5511559101416759 0.6782365527439755
1 0.6122343642267529 0.6622673091756324 0.6201307330526592 0.6690263762653371
1 0.6206122189566778 0.6637582798571848 0.6266789413473132 0.6713125313103843
1 0.6799312823317785 0.6623667072210692 0.6868646793496475 0.666044434902232
1 0.6864794906264324 0.6733004922191209 0.6933165904634976 0.6797613651725152
1 0.6730941824947133 0.6931801013064879 0.681183145682227 0.7011319449414346
1 0.6217677851263227 0.7343308921173374 0.6298567483138364 0.7416863474796631
1 0.34524499349252624 0.7407323901320857 0.3529811510795732 0.747621642272451
1 0.34448654667026674 0.757485798746156 0.35116087870615037 0.7648447726233646
1 0.40121836897527763 0.752318859640882 0.4088028371978727 0.7581120943952802
1 0.4116849351224588 0.757016077009313 0.41835926715834243 0.7614001465531819
1 0.48176542149923696 0.732433972781191 0.4879846854417649 0.7385403553601513
1 0.5454749545690353 0.732590546693472 0.5527560440627265 0.7415152596934909
1 0.5501773248670442 0.7357220249390927 0.5576101037251874 0.7435507205531443
1 0.6211679474305338 0.7538845987636923 0.6278422794664175 0.7609304248163387
1 0.6838156549491687 0.7629658856759921 0.6901866082561486 0.7703248595532006
1 0.41376223669675843 0.8806912007548949 0.42080905039424066 0.8865888181174806
1 0.47861196815602025 0.8818707242274121 0.48527787300498987 0.8868836989856097
1 0.4837542376109397 0.880298026264056 0.4901344608235249 0.8847212392859951
1 0.690682969565383 0.8793150900369584 0.6961109206566868 0.8869819926083194
