0 0.29204539194623486 0.3575989782886334 0.7410069960888007 0.8036854588578726
1 0.3435318144396483 0.39664964372335454 0.35065778800683484 0.40222352781669457
1 0.3411059510976273 0.4117141953269761 0.347777075288185 0.41743872493635226
1 0.4041783979901722 0.3824889652159503 0.4110011386396062 0.38926801343758
1 0.4056945625789353 0.3870083306970368 0.4131237690638745 0.39333544237055784
1 0.40266223340140916 0.4442536267907986 0.4105462892629772 0.4489236377879212
1 0.403571932154667 0.44726653711152287 0.4102430563452246 0.45284042120486284
1 0.3383768548378538 0.468356909356593 0.34444151319290617 0.4763411217065124
1 0.4811995590993376 0.37857218179900876 0.48802229974877154 0.38640574863289195
1 0.5371460324246958 0.3790241183471174 0.5439687730741298 0.3861044576008195
1 0.5392686628489642 0.4471158915954867 0.5456365541217693 0.45404558533315253
1 0.543059074320872 0.442445880598364 0.5515495960179453 0.4483210557237764
1 0.47907692867506924 0.4412407164700743 0.48741583391326626 0.44726653711152287
1 0.47543813366203785 0.47182175622542594 0.4830189566058533 0.47784757686687457
1 0.6105993789630249 0.40344489409430623 0.6187679325277476 0.40975752725141185
1 0.6135766774495992 0.451641223235624 0.6183627286873457 0.4596888260254597
1 0.6101405380994223 0.4671267619372775 0.6162765012247382 0.47444276447349165
1 0.6885581468409607 0.45298249036726335 0.69592130259134 0.45773789201580256
1 0.6780042902654172 0.4674925620640882 0.6857356038033153 0.4738330975954738
1 0.34544415942747514 0.5402655814949667 0.3514798128947425 0.54711929749411
1 0.40781257858923786 0.5098522167487685 0.41629123465039913 0.5135646462483043
1 0.40134580701716566 0.5204183622474476 0.4086748147988475 0.5264153637466981
1 0.47564182707852815 0.5085671449989291 0.4842641891746244 0.5154208609980723
1 0.4785159477772269 0.5128507174983936 0.4871383098733231 0.5188477189976439
1 0.47765371156761727 0.5179910044977512 0.4864197796986484 0.5251302919968587
1 0.5430399574630137 0.516991504247876 0.5513749074892401 0.5251302919968587
1 0.5476385505809317 0.5081387877489827 0.5564046187119628 0.516991504247876
1 0.6104380878474992 0.5088527164988934 0.6193478620134653 0.5164203612479474
1 0.6194915680484002 0.5108517169986435 0.6258146335855375 0.5181337902477332
1 0.6779799242669197 0.5092810737488398 0.6864585803280809 0.51327907474834
1 0.6850215199787315 0.5202755764974655 0.6920631156905435 0.5258442207467695
1 0.6720879768345872 0.5396944384950382 0.679560690651204 0.5469765117441279
1 0.34439407890077206 0.5851073187895848 0.3511816228722525 0.5919980060989912
1 0.34336119177467717 0.6015276800375323 0.35000118044242984 0.6088581984517946
1 0.4003175390136223 0.595956486042693 0.4079904148074699 0.6018209007741028
1 0.4102037443633874 0.600794628196106 0.4172863989423236 0.6054861599812339
1 0.4807351795452936 0.5767505277973259 0.48767027882050196 0.5827615528970208
1 0.5447741813631749 0.5768971381656112 0.5520043912458389 0.5848140980530143
1 0.5493483957787378 0.5802691766361717 0.5567261609651297 0.587599695050434
1 0.6210602733904668 0.5795361247947455 0.6285855938805864 0.5855471498944405
1 0.6206176074792832 0.5977158104621159 0.628142927969403 0.6051929392446634
1 0.6821481691337913 0.6062192118226601 0.6901161555350945 0.6139895613417782
1 0.34037365683461157 0.6545213321376362 0.3489046347937791 0.6604179207154528
1 0.3417336678136093 0.6611549942876798 0.3508828325814121 0.6675429652469811
1 0.41084695301903895 0.6545213321376362 0.4156688101263945 0.6615235310737934
1 0.4151742606794862 0.6579610088080292 0.4224688650213831 0.6654545901256711
1 0.48094933711828514 0.6545213321376362 0.48824394146018196 0.6610321486923086
1 0.4834220843528264 0.6514501922533568 0.4907166886947233 0.6559954792820905
1 0.5474662377274464 0.649484662727418 0.5550081167927974 0.6579610088080292
1 0.6138595009748806 0.6546441777330074 0.6211541053167775 0.6612778398830511
1 0.6858164455000327 0.647519133201479 0.6927401377567485 0.6546441777330074
1 0.6761727312853216 0.6621377590506493 0.6849509839679433 0.6684028844145794
1 0.6942237860974733 0.6685257300099505 0.7011474783541889 0.67786199525816
1 0.3386549790043417 0.7241143234863627 0.34752526844505416 0.7302522859975763
1 0.3410309493902468 0.7431577456365381 0.3478420644965081 0.7508695446890886
1 0.41183486689021914 0.7192354302082187 0.42102195238238554 0.7277341475314374
1 0.34198133754460885 0.7843922630195629 0.3497428408052322 0.7917892947638459
1 0.4132604491217622 0.7829758101323597 0.4200715642280235 0.7903728418766428
1 0.4808964061071943 0.7845496466736965 0.48723232713627457 0.7917892947638459
1 0.4823219883387374 0.789743307260108 0.48913310344499866 0.7941500495758511
1 0.47741164954120013 0.7211240340578228 0.4843811626731885 0.7283636821479722
1 0.48248038636446433 0.7175042100127481 0.4897666955479067 0.7245864744487639
1 0.5502747413756235 0.7173468263586145 0.5577194485847928 0.7255307763735659
1 0.5485323630926264 0.7941500495758511 0.5562938663532497 0.7999732447787974
1 0.6204450667726878 0.7908449928390439 0.6286817641104921 0.7969829553502574
1 0.6225042411071389 0.7869104014857017 0.6301073463420351 0.7930483639969154
1 0.6126835635120644 0.7434725129448055 0.6182274944125097 0.7502400100725539
1 0.6071396326116191 0.7418986764034687 0.6133171556149724 0.7494530918018855
1 0.6869722375780308 0.7178189773210155 0.6953673329415622 0.7261603109901007
1 0.6860218494236687 0.7903728418766428 0.6964761191216513 0.7960386534254552
1 0.4089481828698487 0.8660994178235557 0.413906041075104 0.8722197342886998
1 0.6885413380207629 0.8663979698462457 0.6959030062649298 0.8726675623227346
