0 0.1520163255360623 0.023711622807017538 0.8449378654970761 0.9865679824561403
1 0.2346921224630203 0.07768962848297209 0.24501203990368078 0.08704205366357064
1 0.3404712762297902 0.06962719298245611 0.35165118679050567 0.07639963880288952
1 0.4324905400756794 0.06640221878224971 0.44367045063639493 0.07381965944272442
1 0.4303405572755418 0.09026702786377705 0.4419504643962849 0.09703947368421048
1 0.523219814241486 0.07510964912280697 0.533969728242174 0.08381707946336424
1 0.542999656002752 0.13477167182662533 0.5537495700034399 0.1438015995872033
1 0.4492604059167527 0.15508900928792566 0.46173030615755073 0.16347394220846231
1 0.3366013071895425 0.13896413828689366 0.3490712074303406 0.1470265737874097
1 0.25146198830409355 0.14605908152734776 0.2635018919848641 0.15573400412796695
1 0.24716202270381837 0.22474845201238386 0.2592019263845889 0.23345588235294115
1 0.35036119711042313 0.22539344685242516 0.36412108703130375 0.2337783797729618
1 0.5348297213622291 0.2257159442724458 0.5455796353629171 0.23506836945304432
1 0.642328861369109 0.12993421052631574 0.6539387684898521 0.13864164086687303
1 0.6350189198486412 0.211203560371517 0.6457688338493291 0.2208784829721362
1 0.6294289645682835 0.1912087203302373 0.6388888888888888 0.19959365325077397
1 0.7248882008943929 0.19765866873065013 0.7369281045751634 0.2063660990712074
1 0.7429480564155487 0.13315918472652213 0.7562779497764017 0.14283410732714136
1 0.7360681114551084 0.08704205366357064 0.7455280357757138 0.09574948400412793
1 0.24970147882795993 0.2962018921649674 0.25869538593429475 0.3025167631119684
1 0.3300725636079728 0.287303664921466 0.3407887082453079 0.29462317442821717
1 0.44029576559199046 0.3020862037292184 0.44909831297265856 0.31055387158996967
1 0.5486053703193411 0.3045260402314688 0.5577906371513426 0.31270666850372003
1 0.6525137013563577 0.2944796546339672 0.6632298459936928 0.30294732249471845
1 0.6417975567190227 0.3040954808487187 0.6555754569670249 0.31213258932671994
1 0.5418738776074044 0.9212209904682966 0.5516588386977943 0.9296389349357647
1 0.4353904775061012 0.9244586614173228 0.4445998526499977 0.9341716742644012
1 0.31538080766220017 0.913666424920569 0.32631694064557726 0.9220843693880371
1 0.33661829470796334 0.835546621182586 0.3488015305754097 0.8423150855533896
1 0.42641325536062374 0.8500988195798137 0.4363403364378023 0.8588978232618583
1 0.5351599162515341 0.8460377409573315 0.5450869973287127 0.8558520142949968
1 0.6457115009746588 0.8504372427983539 0.6574435058840516 0.8595746696989387
1 0.23146117608836905 0.7659371954191032 0.24212150747238462 0.775074622319688
1 0.3395873944119558 0.7571804946393762 0.35227826510721244 0.7644142909356726
1 0.4304540285899935 0.7640335648148148 0.4451754385964912 0.7727902655945419
1 0.6380766731643924 0.7682215521442495 0.6477217348927875 0.7765975268031189
1 0.7411265432098765 0.7686022782651073 0.7512792397660819 0.777739705165692
1 0.2463350156212449 0.6800498678202355 0.25584795321637427 0.6875600817111271
1 0.33745894416406313 0.6838049747656814 0.3514780100937275 0.6935682528238405
1 0.5437394857005527 0.6879355924056717 0.5547544660738605 0.6969478490747416
1 0.6513858848033325 0.6838049747656814 0.6613995033245214 0.6924417207402067
1 0.2378234398782344 0.6060742609949532 0.2488384202515421 0.6143354962749339
1 0.33846030601618204 0.6049477289113194 0.3494752863894897 0.6120824321076664
1 0.45061283345349673 0.5996905791876953 0.46162781382680446 0.6094538572458543
1 0.5472442521829689 0.6105803893294881 0.5597612753344549 0.6207191780821918
1 0.6468797564687976 0.6109559000240328 0.6588960986942242 0.6195926459985581
1 0.7430104942722102 0.6026946647440519 0.754025474645518 0.6102048786349435
1 0.7505207081631019 0.5407354001441962 0.762036369462469 0.5486211247296323
1 0.6498838420251541 0.5332251862533045 0.6619001842505808 0.5418619322278299
1 0.5442401666266122 0.5290945686133142 0.5562565088520388 0.537355803893295
1 0.4436033004886646 0.5317231434751262 0.4546182808619723 0.539984378755107
1 0.34446847712889533 0.5260904830569575 0.355483457502203 0.5343517183369382
1 0.7525551867657131 0.29360528291449345 0.7604578262473 0.299902698751383
1 0.749591696960118 0.2945931128496918 0.7542015699910437 0.30039661371898213
1 0.7636098534867635 0.2720595170722505 0.7722560208765642 0.28060743255989434
1 0.7420446061963418 0.37721047965658827 0.750793206420306 0.38537583986562146
1 0.7358233793704118 0.3783769596864502 0.7437943262411347 0.38683393990294884
1 0.6335282651072125 0.3662109375 0.6419042397660819 0.37492004751461994
1 0.5471034356725146 0.3833436129385965 0.558144493177388 0.39133886147660824
1 0.45249299463937626 0.38619905884502925 0.46334368908382073 0.39290935672514626
1 0.3862466496101365 0.35364697551169594 0.39119608918128657 0.36164222404970764
1 0.3571211013645224 0.37777549342105265 0.36587780214424953 0.38619905884502925
1 0.450234209071601 0.4557803089814087 0.4607808908673009 0.4636903203281836
1 0.5460635419394256 0.4525072008379156 0.5562465450525151 0.4585078991009862
1 0.649166448459457 0.4527799598498734 0.6608041663029879 0.4610991097145849
1 0.7457231386925023 0.45114340577812684 0.7553606237816763 0.4578260015710919
