0 0.20178761297182354 0.056419457735247244 0.8098418394471026 0.9099381977671451
1 0.2746729366371255 0.11297816060770483 0.2886145776813167 0.1214561855670103
1 0.36623560619762463 0.11099995478386687 0.37867004280460603 0.12004318140712605
1 0.4446102369325375 0.11665197142340387 0.45440706577440165 0.12597779887863989
1 0.5440857297883885 0.11269555977572797 0.5553897630674625 0.12117358473503347
1 0.27994815216735996 0.17288953698679685 0.2920057876650389 0.18023715861819495
1 0.4630734912883584 0.1759981461385422 0.4706095134744077 0.18504137276180138
1 0.5406945198046663 0.1799545577862181 0.5516217519744377 0.1889977844094773
1 0.2795713510580575 0.24156153915717127 0.28899137879061915 0.24947436245252302
1 0.3213962741906312 0.23477911918972688 0.33006269970458796 0.24099633749321756
1 0.2761801410743353 0.24721355579670826 0.28446976547898956 0.25286557243624525
1 0.36736600952553206 0.24325714414903235 0.3749020317115813 0.2508873666124073
1 0.4521462591185868 0.23760512750949536 0.4600590824139386 0.2452353499728703
1 0.538810514258154 0.23845293000542592 0.5497377464279255 0.24664835413275454
1 0.6188118811881188 0.16148818829251346 0.6260494470499681 0.16691636268890045
1 0.6242400555845059 0.1191484280006948 0.6354582826703723 0.1251194198367205
1 0.7231620718462823 0.110176008202324 0.732892838155996 0.11765208475734792
1 0.7103459406090985 0.17995272271588061 0.7207887142097669 0.1881408065618592
1 0.6248820977174118 0.24223613469156768 0.6347072879330944 0.24872076023391818
1 0.7180249009620826 0.23810955480098098 0.7309941520467836 0.24665747028862484
1 0.6382443564107401 0.2970606960950764 0.64846255423505 0.3050191001697793
1 0.5384204238194051 0.2976502075080174 0.548638621643715 0.3059033672891907
1 0.5439225303401873 0.3094404357668365 0.5533547129472427 0.3150407941897756
1 0.4531377727472804 0.3014820316921336 0.4629629629629629 0.308556168647425
1 0.36008230452674894 0.30709876543209874 0.37158869395711497 0.3133934372969461
1 0.2778321492436325 0.3062925909815862 0.2874981876178048 0.31354211976221547
1 0.26642813173284086 0.3743603801169591 0.27700831024930744 0.3818145967990151
1 0.3693444136657433 0.3695512080640197 0.37768031189083817 0.374841297322253
1 0.45526828767825994 0.36257790858725764 0.46584846619472653 0.3709939596799015
1 0.4520621729763003 0.3714748768851954 0.4610392941417871 0.3786886349646045
1 0.5443982763927362 0.36858937365343186 0.5543372319688109 0.37652450754078176
1 0.6366959064327485 0.37225877192982454 0.6474171539961013 0.3786549707602339
1 0.7180799220272904 0.3711622807017544 0.7300194931773879 0.37737573099415206
1 0.27767259876309475 0.4334414047709201 0.2884534477681013 0.44113262021961375
1 0.37154486936766373 0.4285111384576549 0.38258866590937773 0.43561072194875683
1 0.4527956582102739 0.4387660923892465 0.46278766460515797 0.44586567588034837
1 0.5473760427926055 0.43495884260414075 0.5579425459383055 0.44223413985199966
1 0.26757995812576707 0.5011844812648907 0.27931196303515987 0.5103219081654754
1 0.36459461410728466 0.5065992527615335 0.37542415710057037 0.5133677171323371
1 0.45032849613746295 0.5001692116092701 0.4602555772146415 0.5082913688542343
1 0.5414771496642841 0.5008460580463504 0.5523066926575698 0.5072760991986138
1 0.635311683463979 0.4367009611795446 0.6458100037327361 0.44428308137364686
1 0.7208183811802233 0.4325221790271132 0.7312018208399788 0.4399982555821371
1 0.6306485911749069 0.5042198298777246 0.6419457735247208 0.5126927166400851
1 0.630870104554315 0.5668527379053694 0.6421672869041289 0.5761562998405103
1 0.7173208801379948 0.5014790798939796 0.7296794143632462 0.5091702953426732
1 0.7210021456518995 0.5675446484917329 0.7315200471201986 0.576024706550549
1 0.7270499389961714 0.563994856746182 0.7357272077075181 0.5705028082796919
1 0.5413446202919888 0.5691057845663109 0.5525906841696315 0.5779237210158262
1 0.4488201856622909 0.5717895043552939 0.4582771030139451 0.5798406637222427
1 0.3658167527662694 0.5666126412971204 0.3762595263669377 0.5738852871975858
1 0.2738579540639037 0.5743707093821511 0.28593524874989407 0.5790586066615816
1 0.2842011944755506 0.6352941862635312 0.29547716809754887 0.6430221164613661
1 0.2729252208535523 0.6418556364315042 0.28381236779892993 0.6488545166106756
1 0.36896540997884786 0.6399601063829787 0.37907490357098417 0.6476880365808138
1 0.4537460801762861 0.6413520213577422 0.4646580218662599 0.648423595219934
1 0.547174560332455 0.6316873915558127 0.5561446350920035 0.6410256410256411
1 0.26731069772131477 0.7077567301875378 0.2766056664650131 0.7135463929219602
1 0.36608943335349864 0.7063388535995161 0.3769598205283323 0.7131919237749548
1 0.26872857430933655 0.8419823805202662 0.28007158701351076 0.8501351709013916
1 0.35443133696309737 0.8457633847549909 0.36435647307924984 0.8554522081064732
1 0.3712883141762452 0.8431639443436177 0.37932294817503526 0.8510804219600727
1 0.27011352786728726 0.7744668591120659 0.27617406611767514 0.7802709899749374
1 0.36826876218323584 0.7766812865497075 0.37969054580896694 0.7837247197855749
1 0.4507775515176831 0.7785577224310777 0.4600237573099415 0.7854923767752715
1 0.45794581836116394 0.8440835711266116 0.46840431903050794 0.8525879835129992
1 0.45266152328612685 0.8403680511519763 0.4632301134362009 0.8472211213274149
1 0.45526828767825994 0.7062269159741458 0.46280265722786496 0.7130799861495843
1 0.5474741162492863 0.7070748275702449 0.5558641546698762 0.7147415868166458
1 0.5521003595946388 0.7758867276887872 0.5623161163779012 0.7845701209545602
1 0.5484274533763929 0.8428253469494631 0.5586104564894824 0.850735358296238
1 0.6397108027115882 0.8474622501527449 0.6515303598964243 0.8553722614995198
1 0.6355284978615693 0.7772268045736229 0.6471662157051001 0.7845912978964824
1 0.7183261789224835 0.8452605916386711 0.7299909792211023 0.8525510918253079
1 0.7181317655841731 0.7730846397909668 0.7305742192360333 0.7818332400149309
1 0.6359066657347219 0.6975387921996226 0.6462454276461406 0.705620500454323
1 0.7275326198504619 0.7007311977715878 0.7370009285051068 0.7072215706396912
1 0.7185810438044797 0.6326650943396226 0.7277184707050646 0.6399060741476332
1 0.6361717974180735 0.6361562810327706 0.6444472029129428 0.6430093512082091
