0 0.21902412280701755 0.055692616959064314 0.8312317251461988 0.9088998538011696
1 0.29589371980676327 0.10845728451563691 0.3073353674040173 0.11608504958047292
1 0.38742690058479523 0.10488176964149504 0.3979150775489448 0.11417810831426391
1 0.46370455123315535 0.11155606407322653 0.47419272819730485 0.1198989321128909
1 0.3006610729722857 0.1675724637681159 0.31210272056953975 0.1749618611746758
1 0.4830917874396135 0.17067124332570555 0.4913551995931858 0.17925247902364605
1 0.29875413170607673 0.23717581998474446 0.30797101449275355 0.2443268497330282
1 0.2955758962623951 0.24265827612509533 0.30288583778286293 0.24790236460717005
1 0.3845664886854818 0.23836765827612508 0.39251207729468596 0.2462337909992372
1 0.4694253750317823 0.23264683447749804 0.47991355199593183 0.24122807017543857
1 0.5665204678362573 0.10768398268398269 0.5743525480367585 0.11409204830257463
1 0.645315941368573 0.1126680337206653 0.6557587149692412 0.11854209387104125
1 0.5615364167995747 0.175502677147414 0.5726911976911977 0.18333475734791524
1 0.7453435096928673 0.10381699820417185 0.7542650918635171 0.11072402956209422
1 0.7321050329235161 0.1746140696228761 0.7430411659068932 0.18260032463047382
1 0.7394286999550157 0.232993842780027 0.7506747638326585 0.24142839068825908
1 0.6445400359874044 0.23668395748987853 0.6540289023841656 0.2443277665317139
1 0.5570316014394961 0.2335210020242915 0.568277665317139 0.24169197031039136
1 0.29493290065240174 0.30153508771929827 0.30486259000101407 0.3089823547307575
1 0.3794408951086773 0.30296116012574786 0.3889480444850083 0.3089823547307575
1 0.47155460906601765 0.2961477030727107 0.4802166784977859 0.304228780042592
1 0.5577485380116959 0.29276315789473684 0.5668859649122807 0.30153508771929827
1 0.5632309941520468 0.3048245614035088 0.5723684210526315 0.30975877192982454
1 0.6589912280701754 0.2924890350877193 0.6692251461988304 0.2993421052631579
1 0.7375730994152047 0.3670504385964912 0.7489035087719298 0.37390350877192985
1 0.6549707602339181 0.3675986842105263 0.6673976608187134 0.3744517543859649
1 0.5625 0.36430921052631576 0.5730994152046783 0.3725328947368421
1 0.4733187134502924 0.35827850877192985 0.483187134502924 0.3656798245614035
1 0.47039473684210525 0.3670504385964912 0.4780701754385965 0.3736293859649123
1 0.2840330511186756 0.37081587675656796 0.2954889296209013 0.3772257135375752
1 0.3877401837928154 0.3648313492063492 0.39609440267335005 0.37070540935672514
1 0.295603775520673 0.4296658587257618 0.30650456550733557 0.4371200754078178
1 0.38922232481789265 0.42389485226223456 0.40044372627475117 0.4315895275469375
1 0.47001641530727395 0.43495594798399506 0.4805965938237406 0.4414483302554632
1 0.566043732519705 0.43120709382151023 0.5752606153063818 0.4385964912280701
1 0.6553521484871598 0.43311403508771923 0.6645690312738367 0.44026506483600303
1 0.7411645054665649 0.4290617848970252 0.7513348588863461 0.43573607932875663
1 0.28635901347571824 0.49771167048054915 0.2952580727180269 0.5053394355453852
1 0.38202390033053646 0.5029557589626239 0.3909229595728451 0.5091533180778032
1 0.46815408085430965 0.4960430968726162 0.4767353165522501 0.5046243325705567
1 0.5587337909992371 0.4972349351639969 0.5701754385964911 0.5029557589626239
1 0.6486778540554283 0.5017639206712433 0.659483854563946 0.5084382151029748
1 0.7373506229341469 0.4986651411136537 0.749110094075769 0.5060545385202135
1 0.7459318586320873 0.5608790999237222 0.7551487414187643 0.5675533943554538
1 0.7395753877447241 0.5654080854309687 0.749110094075769 0.5723207475209763
1 0.6489956775997965 0.5637395118230358 0.6591660310195778 0.5723207475209763
1 0.5571446732773963 0.5665999237223492 0.5692219679633866 0.5739893211289091
1 0.4656114924993643 0.5685068649885583 0.47578184591914563 0.5754195270785659
1 0.3813882532418001 0.562309305873379 0.39441901856089495 0.5701754385964911
1 0.2901728960081362 0.5689836003051105 0.30288583778286293 0.5751811594202898
1 0.28567358961128314 0.8366792440660474 0.29588600791193675 0.8451448013415892
1 0.37006041451668387 0.8419198271413828 0.37946658926728594 0.8511916279669762
1 0.3856477898176815 0.8395010964912281 0.3953227124183007 0.8471604102167182
1 0.4724533453732371 0.8407104618163054 0.4834720072239423 0.8489744582043344
1 0.46815337977296184 0.8368808049535602 0.4789032937736499 0.8449432404540763
1 0.5630213708290334 0.8399042182662537 0.574577528379773 0.8489744582043344
1 0.6546643876848985 0.8451448013415892 0.6670267887856898 0.8538119195046439
1 0.734482499140007 0.843330753353973 0.7468449002407981 0.851594749742002
1 0.7358262383900929 0.7717766382868936 0.7463074045407637 0.7792343911248709
1 0.651170665634675 0.7745984907120742 0.6635330667354662 0.7834671697626419
1 0.5670525885792914 0.772986003611971 0.577265006879945 0.78125
1 0.4660033969728243 0.7748000515995871 0.4756783195734434 0.7824593653250773
1 0.3851102941176471 0.7721797600619194 0.3947852167182663 0.7798390737874096
1 0.28325485896112834 0.769156346749226 0.29212353801169594 0.7762109778121775
1 0.28302976123961715 0.7031162699742988 0.2925745893395911 0.7095764889931836
1 0.38243565389056516 0.7038146720303944 0.39128207993444336 0.7090526874511118
1 0.4702015122732522 0.7022432674041792 0.4781167355756696 0.7097510895072076
1 0.5640201884754349 0.7039892725444183 0.5724010131485828 0.7120208961895184
1 0.5707714083510262 0.7043384735724662 0.5782210302827132 0.7109732931053748
1 0.6527172495995829 0.6952592468432227 0.6617964763288263 0.7032908704883227
1 0.7449063210042091 0.6989258576377249 0.7537527470480873 0.7052114761425857
1 0.2892286110266031 0.6377712706622046 0.3004259202920596 0.6445847277152419
1 0.30063719027820035 0.6311162660987729 0.3122570395159382 0.6387219855998377
1 0.38514518473447584 0.636028293276544 0.3948636040969476 0.6439509177568198
1 0.46986444917689213 0.6377712706622046 0.48063921847006724 0.6450600851840584
1 0.563668323023358 0.6285810262650846 0.5710627725382821 0.6380881756414157
1 0.6534580671331508 0.6330176959740391 0.661486326606497 0.641257225433526
1 0.7360646317141601 0.6292148362235068 0.7455717810904912 0.6376128181725991
