0 0.16267665692007793 0.02256944444444444 0.8616898148148149 0.9614400584795322
1 0.24345283498601572 0.07294050343249428 0.25775489448258326 0.08056826849733027
1 0.2409102466310704 0.09296338672768877 0.2526697177726926 0.0998760488176964
1 0.33975336892957025 0.05244088482074752 0.35151284007119243 0.061737223493516395
1 0.34293160437325193 0.059830282227307394 0.35564454614797864 0.06721967963386727
1 0.46243325705568267 0.04815026697177727 0.4732392575642003 0.05625476735316552
1 0.34102466310704294 0.13634630053394353 0.3521484871599288 0.14421243325705568
1 0.33975336892957025 0.13253241800152554 0.3518306636155606 0.1380148741418764
1 0.24027459954233407 0.16566552250190694 0.25171624713958807 0.1759153318077803
1 0.4522629036359013 0.17067124332570555 0.46592931604373244 0.1787757437070938
1 0.45925502161200094 0.12609649122807015 0.4738749046529366 0.13491609458428677
1 0.5538686459739092 0.1354213525266157 0.5648023191882842 0.14526165841955316
1 0.5619908032188734 0.13120407857249963 0.573549257759784 0.1382328684960264
1 0.5523066926575699 0.04732718548508023 0.5623031938821413 0.0571674913780177
1 0.6666416754136053 0.0810653771180087 0.678200129954516 0.0902028040185935
1 0.7687828327881852 0.16373494647636033 0.7824115373178709 0.1709364778471602
1 0.7873674298741203 0.1442211195361284 0.7997571612647438 0.15095803597977991
1 0.7768361581920905 0.2280841138864109 0.7892258895827139 0.23621487511150752
1 0.7690925760729507 0.21391335860838534 0.7799335910397464 0.21925643027059166
1 0.7554638715432651 0.2534056274159976 0.7669243730795917 0.26246561849539096
1 0.6777183070671029 0.21530720338983045 0.6882495787491327 0.225761039250669
1 0.6634701159678859 0.2141456660719595 0.6767890772128061 0.22274104222420452
1 0.5676807760141094 0.2151646477304372 0.5784136266592407 0.2216913812308549
1 0.560138772858071 0.22517230576441102 0.5714517775921284 0.2338746170983013
1 0.45537170895765877 0.21399461636924932 0.4676072333910599 0.221641819140125
1 0.4608620083829029 0.2215241698667269 0.4701170845568858 0.2267007378962428
1 0.4592933514042617 0.22658308862284468 0.4712151444419346 0.23411264212032226
1 0.3502680311890838 0.21568544759334232 0.3633884390463338 0.22288995726495725
1 0.34105484298982747 0.2293187011646764 0.35272617819057445 0.2373811366651924
1 0.25493875650984843 0.255029676180501 0.26493992028163277 0.26348520555119137
1 0.6631680777399551 0.16474644322248402 0.672623723487824 0.1717017980274068
1 0.2567593826337997 0.3084610259826782 0.2683257457990969 0.3171357983566511
1 0.25537141905396404 0.328066011547857 0.26693778221926123 0.3370877748167888
1 0.3416564882670812 0.32129968909615814 0.3532228514323784 0.32910698423273377
1 0.3566927603819676 0.3278925161003775 0.3661771781775113 0.3332708749722407
1 0.4643130537359134 0.2965844062947067 0.4729406671184399 0.30481985543257284
1 0.5678343462141192 0.4631421281963078 0.5788231471926002 0.4715628941635133
1 0.5614692161114396 0.29782672974571256 0.5714074512123004 0.3074980287798147
1 0.5677114133648729 0.30170756948551153 0.5783888560352191 0.31002365464222353
1 0.6741095162147794 0.3005133572567783 0.6890616693248273 0.3097338516746412
1 0.6741095162147794 0.3224431818181818 0.684742158426369 0.3314144736842105
1 0.7668128654970761 0.3346541068580542 0.7777777777777778 0.3428777910685805
1 0.25361974212640037 0.3907912351159022 0.2647754761737006 0.3971764249982386
1 0.2571426055097583 0.39772687240188825 0.269912985274431 0.40477259916860425
1 0.359012071678527 0.39013069823152263 0.3663513703938561 0.39827731980553793
1 0.3657642264966298 0.3950847248643698 0.3767731745696235 0.4024607200732756
1 0.4655055513179083 0.3904303330790745 0.4758877871006017 0.3982964658021866
1 0.46815408085430965 0.3866959064327485 0.4793838460886516 0.39217836257309935
1 0.5652567653952696 0.38341457134739687 0.5759109311740891 0.3912942147879821
1 0.6634070585022869 0.38931838350740666 0.6746421826290759 0.39731807631920274
1 0.7719184472205156 0.38153201583725854 0.7821580540196146 0.38942504607823064
1 0.7565590370218672 0.39945132773568165 0.7683630281930508 0.40638439483923816
1 0.2547675868593052 0.47084623323013414 0.26632374441004475 0.47729618163054693
1 0.25826130890952875 0.4920101264189886 0.26927997076023397 0.49966944014447884
1 0.3633417182662539 0.46560565015479877 0.3754353715170279 0.4736680856553147
1 0.4600909442724459 0.4672181372549019 0.4700346147230823 0.475079011867905
1 0.46815337977296184 0.46359004127966974 0.4786345459236327 0.47084623323013414
1 0.6573518661850706 0.4920101264189886 0.6662205452356382 0.499266318369453
1 0.6503644220846233 0.4905992002063983 0.6595018489852081 0.4976538312693498
1 0.7731821895424837 0.46419472394220845 0.7817821207430341 0.47145091589267285
1 0.7704947110423117 0.4625822368421052 0.7815133728930168 0.46822594169246645
1 0.7730247471324951 0.5434125818838943 0.7813386291192933 0.5500009411941872
1 0.7645539994478328 0.5447067238912733 0.7734953442260876 0.5501185904675853
1 0.6720032377080039 0.5408242978691363 0.6832975679542203 0.547059709359235
1 0.6685521923549934 0.5462361644454484 0.6796896569033456 0.5514127324749643
1 0.4643130537359134 0.5394125065883594 0.47372499560776044 0.5458832166252541
1 0.46650917350601107 0.5468244108124388 0.47748977235649925 0.552471575935547
1 0.3664309114846453 0.5370281069165059 0.37542481859098004 0.5443476164232571
1 0.2611830623679618 0.5388938642417562 0.27170784727963015 0.5465004133370075
1 0.25505800792303335 0.6270927655159404 0.26449019053008865 0.632398368232409
1 0.3619560774696598 0.6276822769288812 0.37020923725083316 0.6347564138841728
1 0.37256728290259694 0.6161868043765326 0.38160645790102493 0.6214924070930012
1 0.46806813179903156 0.6173658272024146 0.47769681821040055 0.6228188077721185
1 0.46472756712569957 0.6270927655159404 0.47278422310255924 0.6335773910582908
1 0.5694640948248758 0.6198712507074137 0.5790927812362446 0.6253242312771174
1 0.5649445073256618 0.6226714299188832 0.5765382317801672 0.6281244104885871
1 0.6572037606180903 0.6132507363298757 0.6677418149997866 0.6205540081956715
1 0.6498671404789345 0.6347603726469457 0.6600050155803132 0.6418635548725828
1 0.7567093941362948 0.623909046606415 0.7654468663240593 0.6311082314371788
1 0.7636009214956583 0.627877827987477 0.7739382125347039 0.6347078238525606
1 0.26498538011695905 0.6788222998903509 0.27754934210526316 0.6869603207236842
1 0.26498538011695905 0.7066628974780702 0.27526498538011696 0.7156575520833334
1 0.36207054093567254 0.6942417077850878 0.3746345029239766 0.7006664610745614
1 0.3609283625730994 0.702379728618421 0.3734923245614035 0.7109460663377193
1 0.5556697733918129 0.6933850740131579 0.5659493786549707 0.7019514117324561
1 0.5488167032163743 0.7028080455043859 0.5585252192982456 0.7100894325657895
1 0.6441885964912281 0.7096611156798246 0.6567525584795322 0.717370819627193
1 0.7652595029239766 0.6985248766447368 0.774968019005848 0.7070912143640351
1 0.7561220760233918 0.6933850740131579 0.7664016812865497 0.7019514117324561
1 0.27027018547800113 0.7667109027934642 0.2803095901413046 0.7736522099239515
1 0.26164257209547476 0.7696521346284165 0.2719957081545064 0.7752992997515247
1 0.3788212483999699 0.7630637753181235 0.38760572748036043 0.7700050824486108
1 0.4520621729763003 0.7731946368113265 0.4636041859033548 0.7804083948907355
1 0.46526131394552456 0.763194938359412 0.47563352826510724 0.7698627904220009
1 0.563550392497761 0.7666523431326063 0.5726055002370792 0.7756662912912913
1 0.6608471568025122 0.7648772953785242 0.6690957289462307 0.7721303501945526
1 0.6578606048194415 0.7742636016110315 0.6679579948574419 0.7819433067103556
1 0.7467432130461655 0.758629296819284 0.7562520800646603 0.7673209955783767
1 0.7648694908001711 0.7610808015974897 0.7770527266676176 0.7699953644273285
1 0.7514976465554128 0.8366317215803737 0.7613036656682357 0.8437633718442448
1 0.7529834070270527 0.8330658964484382 0.7624922740455474 0.8401975467123092
1 0.7467432130461655 0.8961364284695478 0.7577378405363 0.9025994865211809
1 0.7378286502163267 0.8954678362573099 0.7464460609518376 0.902376622450435
1 0.6653235392003043 0.8992565254599915 0.6754267104074549 0.9077253601483384
1 0.6510602386725621 0.9005937098844673 0.659380497313745 0.9081710882898303
1 0.637094090239148 0.8444319640564827 0.6463058051633148 0.8524550706033377
1 0.6445228925973471 0.841980459278277 0.6564089763704655 0.849112109542148
1 0.5622117624685019 0.9019308943089431 0.5711263252983407 0.9077253601483384
1 0.5515911250284368 0.8402384680236058 0.5611258313594818 0.8460722028182583
1 0.46426552751146766 0.8369407487119286 0.4763581816996022 0.8445835779038675
1 0.3523700683633968 0.841286755621448 0.363437937566922 0.8495876575240919
1 0.35468659912692535 0.8393563133185077 0.3652396837163331 0.8445685075364467
1 0.3680709990939791 0.8912852112676056 0.3778519067622107 0.8964974054855448
1 0.4653652911621778 0.9034469977761305 0.4761757680586443 0.910010501606128
1 0.2768059522190489 0.8386160410716713 0.2878558638197561 0.8459472324221406
1 0.26986434108527135 0.8360660614715082 0.2804892560859513 0.8411660206718345
1 0.2904058434199193 0.8969468244254046 0.2996141030871753 0.9052342581259349
1 0.2857308808196201 0.8942905956752346 0.29635579582030014 0.8991780565755474
1 0.5630570035311923 0.5497344599517965 0.5742671374922931 0.5556022644470602
