1 0.24027459954233407 0.09248665141113653 0.2504449529621154 0.10154462242562928
1 0.34642766336130176 0.08390541571319601 0.3578693109585558 0.09200991609458428
1 0.44018560894991093 0.08247520976353927 0.4513094330027968 0.09081807780320365
1 0.4389143147724383 0.1072654462242563 0.44876684464785144 0.11441647597254004
1 0.34356725146198824 0.1570842868039664 0.3565980167810831 0.16518878718535468
1 0.2596618357487922 0.16328184591914566 0.27142130689041444 0.17210144927536228
1 0.4589371980676328 0.17520022883295192 0.4691075514874141 0.18187452326468342
1 0.5511060259344012 0.15470061022120518 0.5625476735316551 0.16328184591914566
1 0.5307653190948385 0.0912948131197559 0.541253496058988 0.09820747520976353
1 0.5342613780828883 0.09415522501906941 0.5434782608695652 0.10106788710907703
1 0.6576804139493585 0.09139914577018464 0.6685879183123603 0.09886217507118583
1 0.6494519457456905 0.1506728207954441 0.661124889011359 0.15899696886194545
1 0.7443195662768032 0.10550872624269007 0.7536473562378169 0.1136467470760234
1 0.7506015472709552 0.15290912828947367 0.7620233308966862 0.16147546600877194
1 0.25562643983696615 0.2437200956937799 0.26603756866914763 0.2520268474215842
1 0.3588516746411483 0.24803960659223814 0.36771220981747293 0.2541866028708134
1 0.3610668084352294 0.24521531100478466 0.37103491050859466 0.25302365762892076
1 0.5132465000886053 0.23790536948431681 0.5227715754031543 0.24538144603934076
1 0.5416002126528442 0.24704279638490162 0.5511252879673932 0.25584795321637427
1 0.6419457735247208 0.2334197235513025 0.6510278220804536 0.24139420520999466
1 0.6377370193159666 0.21398192450824027 0.6430533404217614 0.22095959595959594
1 0.7312156654261917 0.21913211057947898 0.7405192273613326 0.22627591706539074
1 0.25930290070117246 0.31558217683512263 0.2685767071077362 0.3221283931221087
1 0.3393122108754473 0.3078085449943266 0.3504044106950627 0.31517303831718596
1 0.44856297247182997 0.3238660676080445 0.4569426615318784 0.33148801882755674
1 0.5550028526601055 0.3257381258023107 0.563382541720154 0.3340286692340608
1 0.6566288689202682 0.3155755241762944 0.6676829268292683 0.3244009413778349
1 0.6457531022678648 0.3276101839965768 0.6537762088147198 0.33710419341035514
1 0.7530844387391242 0.3142383397518186 0.7634253316217373 0.3217265725288832
1 0.7680609042932535 0.29391313649978607 0.7759057195835116 0.30260483525887893
1 0.36734976809840697 0.39791288566243194 0.37491177656785646 0.4064201451905626
1 0.39549724406802456 0.37506931841096997 0.4001184714660214 0.3829464105666465
1 0.4583039255226189 0.4068927707199032 0.4685966592727029 0.4139821536600121
1 0.4572536465685287 0.47495084694494855 0.46712626873697666 0.4817251461988304
1 0.5528290313907375 0.40405701754385964 0.5627016535591853 0.41177656785642264
1 0.6376915708812261 0.3876726658600524 0.6463038583047658 0.3968100927606372
1 0.5515686966458293 0.47211509376890504 0.5618614303959132 0.4777866001209921
1 0.7432735125274961 0.3976021379902355 0.7515447001806248 0.4047276543805998
1 0.7381319634458215 0.40028468533719624 0.7452854230377166 0.4074102017275605
1 0.6509502923976608 0.47249634502923976 0.6621588693957116 0.48017178362573104
1 0.7459795321637427 0.47076023391812866 0.7562134502923976 0.4772478070175439
1 0.35516206295881547 0.5437255039193729 0.3646883165360209 0.5505785740948115
1 0.4515910787607316 0.5495579040686823 0.46131174567624733 0.5578690742814483
1 0.5499642279457508 0.5469333240014931 0.5604625482145079 0.5537863941769317
1 0.6520312305586662 0.5499953340798805 0.6621407241508025 0.5583065042926465
1 0.7502099664053751 0.5591813643150428 0.7616803533656837 0.5661802444942142
1 0.2517819520743497 0.6198479679839328 0.2632268100104358 0.627600936263217
1 0.3508476578652017 0.6193864817768326 0.36020044499576664 0.6262164776419162
1 0.45865083584381827 0.6155099976371907 0.4681266859629433 0.6231706686750547
1 0.5513939029281989 0.6270168313382736 0.5630053623830937 0.6349337355120656
1 0.5215735638735829 0.6372098454620306 0.530546055270547 0.64502778833365
1 0.6471884434310807 0.6258292957122048 0.6581401608714929 0.6331524320729623
1 0.7403440158760318 0.6180113528405854 0.7512957333164438 0.6245427987839636
1 0.26437621832358676 0.6918859649122807 0.2721734892787524 0.6988304093567251
1 0.3508771929824561 0.6946271929824561 0.3623294346978558 0.7019371345029239
1 0.5465399610136452 0.6984649122807017 0.5570175438596491 0.7066885964912281
1 0.6508284600389864 0.6949926900584795 0.6608187134502924 0.7030336257309941
1 0.3527195359672895 0.7630865782342034 0.36430846764608 0.7697725003565825
1 0.4394879475110541 0.7697725003565825 0.45107687918984457 0.7777956069034375
1 0.5494342224123996 0.7780184709741835 0.5586459373365663 0.7860415775210384
1 0.6379855465221319 0.7740069177007559 0.6457115009746589 0.7820300242476109
1 0.7348571292730471 0.7744526458422478 0.7434745400085581 0.7820300242476109
1 0.34852756892230574 0.8348997493734335 0.36131996658312443 0.8431234335839598
1 0.4352025898078529 0.8499765037593984 0.44538429406850455 0.8595708020050125
1 0.5380639097744361 0.8460604636591478 0.547984544695071 0.8542841478696741
1 0.6417084377610692 0.8497807017543858 0.6534565580618211 0.8589833959899749
1 0.3300169848641211 0.9092411635706913 0.3402294031647747 0.9156911119711041
1 0.44369732542139667 0.9191176470588234 0.4525660044719643 0.9271800825593395
1 0.545015264877881 0.9164973555211557 0.5541526917784658 0.9249629127966975
0 0.17642758857929147 0.037216202270381894 0.8257223942208464 0.9740712074303407
