0 0.17638279727095513 0.02599597953216374 0.8449378654970761 0.9785727339181287
2 0.23069315445476438 0.07220717234262122 0.239078087375301 0.07881836945304432
2 0.34227726178190576 0.06994969040247674 0.34915720674234607 0.07656088751289986
2 0.4578452254171104 0.07347892494815313 0.46531864805784434 0.07934672944341686
2 0.36347189433566324 0.15217504513262045 0.37060824885432575 0.15788895060871175
2 0.5642529891608001 0.07158621074980445 0.5719354117778523 0.07787182925466532
2 0.5549409617461915 0.14788663537825456 0.5621577829925132 0.1526008492569002
2 0.45832867731962607 0.15434685439713933 0.4660110999366783 0.15993407084590458
2 0.6622620776995568 0.15347385182701978 0.6687804968897829 0.159061068275785
2 0.7549167504749134 0.14683903229411105 0.7602711662383133 0.1526008492569002
2 0.7463031251164004 0.06861800201139792 0.7532871456773568 0.07525282154430663
2 0.26192758763940815 0.22250683060109291 0.2681190681622088 0.22857348288754673
2 0.3611111111111111 0.22872807017543859 0.36929824561403507 0.23377192982456138
2 0.25935672514619884 0.2982456140350877 0.26725146198830413 0.30372807017543857
2 0.457095118749254 0.2149122807017544 0.4629132354696264 0.22039473684210525
2 0.5523565747165341 0.22493935804140577 0.558702826197326 0.23005161617871045
2 0.6639778548438279 0.21865225078199374 0.6702111383108934 0.22417720658234733
2 0.35963021778584386 0.2937367664851785 0.3664045170397257 0.29988089836660614
2 0.46612850373059084 0.299762741984271 0.474478221415608 0.3057887174833636
2 0.6618777177987704 0.9137321468735942 0.6707808517019043 0.9219909750337383
2 0.5632403658719448 0.9170708220872694 0.5728463787674314 0.9233967330184436
2 0.4535912430649272 0.9128535481331534 0.46272866996551204 0.9200580578047683
2 0.43531638926375765 0.9160165035987404 0.4449224021592443 0.9223424145299146
2 0.4510140200929674 0.9033646817363923 0.4592142750037487 0.9095148729194782
2 0.34581646423751683 0.9077576754385965 0.35471959814065074 0.9144350258659468
2 0.23851027140500825 0.8365911774628879 0.24389901034637876 0.8430928081421503
2 0.35471959814065074 0.8360640182186235 0.3626855600539811 0.8423899291497975
2 0.45557320024198433 0.8565171909659205 0.46187487396652555 0.8618736136317806
2 0.560811151441823 0.8303652450090744 0.5683731599112726 0.8357216676749345
2 0.7714971096323184 0.8372970861060697 0.779269173892586 0.8424959669288163
2 0.33899223633797143 0.7624647106271426 0.34655424480742086 0.769711635410365
2 0.7634792108476319 0.6759687680740313 0.7719137587558641 0.6838008482745325
2 0.6655446756425949 0.2923891608867129 0.6729112833763996 0.29833911328709367
2 0.5527789111020445 0.38057595539235684 0.5612788431025885 0.386313409492724
2 0.45502969309578856 0.3784509723922208 0.4626796318962782 0.38376342989256085
1 0.6485448116415068 0.39778831769345846 0.6598780543088988 0.40437576499388006
2 0.26434788521691827 0.37335101319189445 0.27256448615077744 0.3793009655922753
2 0.25046466294936304 0.4424129606963144 0.25754793961648303 0.4477254181966544
2 0.36918037989029423 0.4385879912960696 0.377963642957523 0.44411294709642324
2 0.4589963280293758 0.4496379028967768 0.46607960469649573 0.455375356997144
2 0.5564622149689469 0.44347545219638246 0.5641121537694365 0.44942540459676317
2 0.6655446756425949 0.44262545899632805 0.673761276576454 0.44878790969672244
2 0.33495522660818716 0.5165501644736842 0.3425697490253411 0.522546600877193
2 0.4552646807992203 0.5242598684210527 0.46478283382066277 0.5305418494152047
2 0.5542534722222222 0.5242598684210527 0.5618679946393762 0.5305418494152047
2 0.6437241106237817 0.530827394005848 0.6528615375243665 0.5365382858187134
2 0.7647950170565303 0.5987870065789473 0.7724095394736844 0.6042123538011697
2 0.6707556652046783 0.5925050255847953 0.6791316398635477 0.5985014619883041
2 0.6604760599415205 0.5979303728070176 0.6669484039961013 0.6042123538011697
2 0.5595836379142299 0.5973592836257311 0.5683403386939572 0.6033557200292399
2 0.4541225024366472 0.5916483918128655 0.4617370248538012 0.5973592836257311
2 0.3665554946393762 0.5947893823099416 0.3730278386939571 0.600500274122807
2 0.5571620427036584 0.6795695634434925 0.5639619883040936 0.6856257649938801
2 0.6625611995104039 0.7522439820481436 0.6723361213110296 0.7595751733986129
2 0.7696603427172584 0.7465065279477765 0.7798602611179112 0.7541564667482661
