0 0.2625 0.09466666666666666 0.7106746323529413 0.9996666666666667
1 0.3141373801916933 0.17231096911608093 0.3214057507987221 0.18040468583599575
1 0.311741214057508 0.17752928647497337 0.3193290734824281 0.1847710330138445
1 0.3043893129770992 0.27048346055979644 0.31068702290076333 0.2806615776081425
1 0.3200381679389313 0.27404580152671754 0.3278625954198473 0.2837150127226463
1 0.3881679389312977 0.16539440203562342 0.3961832061068702 0.17506361323155215
1 0.3952290076335878 0.16055979643765902 0.4017175572519084 0.17099236641221371
1 0.3811068702290076 0.25368956743002546 0.3879770992366412 0.2643765903307888
1 0.3790076335877862 0.2636132315521628 0.38606870229007634 0.27506361323155215
1 0.4465648854961832 0.2585241730279898 0.45209923664122137 0.2679389312977099
1 0.449236641221374 0.2653944020356234 0.4541984732824427 0.27353689567430023
1 0.4566793893129771 0.16615776081424935 0.46603053435114505 0.1763358778625954
1 0.5178571428571428 0.16995073891625614 0.5251231527093595 0.1793103448275862
1 0.596816037735849 0.16273584905660377 0.6038915094339623 0.17562893081761005
1 0.6518518518518518 0.16632996632996633 0.6599326599326599 0.1754208754208754
1 0.6574915824915825 0.17216610549943884 0.6647306397306397 0.18035914702581365
1 0.6563131313131313 0.26240179573512906 0.6626262626262626 0.2719416386083053
1 0.6611111111111111 0.26172839506172835 0.6688552188552188 0.27081930415263744
1 0.6585858585858585 0.3423120089786756 0.6644781144781144 0.3517396184062851
1 0.6553571428571429 0.38227513227513227 0.6623015873015874 0.3894179894179894
1 0.5892857142857143 0.34947089947089943 0.5966269841269841 0.36005291005291
1 0.5882936507936508 0.3611111111111111 0.5948412698412698 0.3695767195767196
1 0.578968253968254 0.26931216931216934 0.5859126984126984 0.2767195767195767
1 0.5269444444444444 0.2579012345679012 0.534074074074074 0.26469135802469135
1 0.5177777777777777 0.26839506172839506 0.5259259259259259 0.2779012345679012
1 0.4583865814696486 0.3503727369542066 0.4645367412140575 0.3585729499467519
1 0.4544728434504793 0.35942492012779553 0.4598242811501598 0.370926517571885
1 0.3893382352941176 0.3401960784313725 0.3981617647058823 0.3506127450980392
1 0.3818933823529412 0.35159313725490193 0.38814338235294116 0.3634803921568627
1 0.3050653594771242 0.3533042846768337 0.3132897603485839 0.36114742193173566
1 0.31323529411764706 0.35947712418300654 0.3200980392156863 0.3688453159041395
1 0.3081039755351682 0.44413863404689097 0.3146024464831804 0.4532110091743119
1 0.3140672782874618 0.4476044852191641 0.3208715596330275 0.4574923547400611
1 0.38744612068965517 0.43635057471264366 0.39471982758620694 0.4446120689655172
1 0.3835129310344828 0.4665229885057471 0.39148706896551727 0.47643678160919534
1 0.4443452380952381 0.458531746031746 0.45141369047619045 0.4669642857142857
1 0.44776785714285716 0.45545634920634925 0.45476190476190476 0.4640873015873016
1 0.5179712460063899 0.44675186368477104 0.5238019169329073 0.4552715654952077
1 0.5146166134185304 0.46347177848775295 0.521964856230032 0.47113951011714594
1 0.5896882494004797 0.4458033573141487 0.5952038369304556 0.4556354916067147
1 0.5809952038369305 0.46562749800159875 0.5878896882494005 0.4733013589128697
1 0.6634433962264151 0.4471698113207547 0.6693396226415095 0.4556603773584905
1 0.655188679245283 0.5584905660377358 0.6617924528301886 0.5682389937106919
1 0.6566037735849056 0.6135220125786164 0.6627358490566037 0.6226415094339622
1 0.6573113207547169 0.6433962264150943 0.6629716981132074 0.6515723270440251
1 0.5827830188679245 0.6471698113207547 0.5903301886792452 0.6581761006289308
1 0.5837264150943395 0.5610062893081761 0.590566037735849 0.570440251572327
1 0.5148584905660377 0.5547169811320755 0.5216981132075472 0.5616352201257861
1 0.5172169811320755 0.5606918238993711 0.5224056603773585 0.5682389937106919
1 0.44811320754716977 0.5459119496855346 0.4558962264150943 0.5540880503144654
1 0.37556306306306303 0.5525525525525524 0.38299549549549544 0.5593093093093093
1 0.3734234234234234 0.5575075075075074 0.3816441441441441 0.5647147147147147
1 0.3053571428571428 0.5521428571428572 0.31196428571428564 0.5595238095238095
1 0.31107142857142855 0.5514285714285714 0.31767857142857137 0.559047619047619
1 0.3084848484848484 0.648080808080808 0.3143939393939394 0.6575757575757575
1 0.3095454545454545 0.6529292929292928 0.31545454545454543 0.6602020202020201
1 0.3862121212121212 0.6147474747474747 0.3916666666666666 0.623030303030303
1 0.3918181818181818 0.6167676767676767 0.3965151515151515 0.6248484848484849
1 0.44598765432098764 0.6493827160493827 0.4527777777777778 0.6609053497942387
1 0.5126543209876543 0.6514403292181069 0.519753086419753 0.6596707818930041
1 0.5194444444444445 0.6452674897119342 0.5256172839506172 0.6547325102880658
1 0.44753086419753085 0.7444444444444444 0.45555555555555555 0.7547325102880658
1 0.3814814814814815 0.7374485596707818 0.39012345679012345 0.7469135802469135
1 0.30339506172839503 0.7152263374485597 0.31111111111111106 0.7255144032921811
1 0.31759259259259254 0.7255144032921811 0.32716049382716045 0.7353909465020576
1 0.30925925925925923 0.7452674897119341 0.31697530864197526 0.7563786008230453
1 0.5153333333333334 0.7375555555555555 0.5218333333333334 0.7466666666666667
1 0.512 0.744 0.52 0.752
1 0.5813333333333334 0.7302222222222222 0.5881666666666666 0.7397777777777779
1 0.5878333333333333 0.7373333333333333 0.5926666666666667 0.7468888888888888
1 0.6518333333333334 0.7273333333333334 0.6601666666666667 0.7375555555555555
1 0.6545 0.7377777777777779 0.6623333333333333 0.7468888888888888
1 0.3139705882352941 0.8004901960784314 0.3200367647058823 0.8088235294117647
1 0.37610294117647053 0.8137254901960784 0.38180147058823527 0.8223039215686273
1 0.37481617647058824 0.8387254901960783 0.38290441176470585 0.8477941176470587
1 0.4466911764705882 0.8379901960784314 0.4545955882352941 0.8482843137254901
1 0.4520220588235294 0.8419117647058822 0.45992647058823527 0.8526960784313725
1 0.5154411764705882 0.845343137254902 0.522610294117647 0.8541666666666666
1 0.5854779411764705 0.8112745098039215 0.5928308823529411 0.8188725490196078
1 0.5948529411764705 0.8174019607843137 0.603125 0.8272058823529411
1 0.6533088235294117 0.8066176470588234 0.660110294117647 0.817156862745098
1 0.6505514705882353 0.8299019607843137 0.6584558823529411 0.8406862745098039
1 0.3237612612612612 0.8932432432432432 0.3306306306306306 0.9027027027027026
1 0.3102477477477477 0.9205705705705705 0.3174549549549549 0.9297297297297297
1 0.31756756756756754 0.9402402402402402 0.3245495495495495 0.9454954954954954
1 0.3769144144144144 0.933183183183183 0.38322072072072066 0.9442942942942942
1 0.3842342342342342 0.9360360360360359 0.3913288288288288 0.946096096096096
1 0.31730769230769235 0.9932692307692308 0.32403846153846155 0.9993589743589743
1 0.3870192307692308 0.9923076923076922 0.39326923076923076 0.9993589743589743
1 0.453125 0.9253205128205129 0.45913461538461536 0.9349358974358974
1 0.4478365384615385 0.9371794871794872 0.4550480769230769 0.9458333333333333
1 0.5173076923076922 0.9243589743589743 0.5245192307692307 0.9333333333333333
1 0.5182692307692307 0.9320512820512821 0.5237980769230769 0.9391025641025641
1 0.5192307692307692 0.9381410256410255 0.5269230769230769 0.9477564102564101
1 0.5930288461538462 0.9208333333333333 0.6009615384615384 0.9291666666666667
1 0.6524038461538461 0.8913461538461538 0.6588942307692307 0.9012820512820513
1 0.5862980769230769 0.9378205128205128 0.5951923076923076 0.9451923076923077
1 0.6581730769230769 0.9878205128205129 0.6644230769230769 0.9987179487179487
1 0.5201923076923076 0.985576923076923 0.5276442307692307 0.9942307692307693
