0 0.284375 0.011111111111111105 0.7368876862197394 0.9996666666666668
1 0.34205882352941175 0.08333333333333333 0.3480882352941177 0.09313725490196079
1 0.4182352941176471 0.07823529411764707 0.4248529411764706 0.08843137254901962
1 0.33941176470588236 0.16490196078431374 0.3460294117647059 0.17372549019607844
1 0.3363235294117647 0.17470588235294118 0.3438235294117647 0.18176470588235294
1 0.40441176470588236 0.1631372549019608 0.4107352941176471 0.1723529411764706
1 0.4110294117647059 0.16392156862745097 0.4167647058823529 0.17372549019607844
1 0.47787610619469023 0.0799410029498525 0.4836283185840708 0.0883480825958702
1 0.4736725663716813 0.16902654867256636 0.48130530973451324 0.1790560471976401
1 0.5423672566371681 0.16474926253687314 0.5507743362831858 0.17448377581120944
1 0.5507183908045977 0.06781609195402298 0.5573275862068965 0.07777777777777778
1 0.5489942528735633 0.08103448275862069 0.5548850574712644 0.08812260536398467
1 0.6110632183908047 0.06973180076628353 0.6173850574712644 0.07758620689655173
1 0.6139367816091954 0.07547892720306514 0.6227011494252873 0.08237547892720307
1 0.6775862068965517 0.06877394636015326 0.6841954022988506 0.07969348659003832
1 0.6831896551724138 0.07471264367816093 0.689080459770115 0.08256704980842912
1 0.6859195402298851 0.15747126436781608 0.6929597701149426 0.1681992337164751
1 0.6738505747126438 0.1660919540229885 0.6814655172413793 0.17586206896551726
1 0.6132653061224489 0.17061224489795918 0.6203061224489795 0.18068027210884355
1 0.3454183266932271 0.2632138114209827 0.35258964143426297 0.27277556440903056
1 0.4093625498007968 0.25697211155378485 0.4162350597609561 0.26547144754316065
1 0.47262996941896024 0.25351681957186545 0.47966360856269113 0.2638124362895005
1 0.5477642276422764 0.25745257452574527 0.5540650406504065 0.2653116531165312
1 0.6067073170731707 0.2552845528455285 0.6144308943089432 0.26395663956639565
1 0.6863821138211382 0.26314363143631436 0.692479674796748 0.27154471544715447
1 0.6782520325203252 0.3520325203252032 0.6835365853658536 0.3604336043360433
1 0.6107723577235772 0.3490514905149052 0.6178861788617886 0.35663956639566397
1 0.5459349593495936 0.3558265582655827 0.5491869918699187 0.36666666666666664
1 0.4741869918699187 0.3520325203252032 0.4794715447154472 0.36260162601626017
1 0.4008130081300813 0.34607046070460706 0.4085365853658537 0.3547425474254743
1 0.3355691056910569 0.3463414634146341 0.341260162601626 0.35663956639566397
1 0.33118556701030927 0.4405498281786942 0.338659793814433 0.45017182130584193
1 0.409020618556701 0.43711340206185567 0.41675257731958765 0.4484536082474227
1 0.46958762886597943 0.44295532646048114 0.47654639175257735 0.452233676975945
1 0.5445876288659793 0.4412371134020619 0.552319587628866 0.45189003436426123
1 0.3404639175257732 0.534020618556701 0.3487113402061856 0.5426116838487972
1 0.4054123711340206 0.5298969072164949 0.41288659793814436 0.5388316151202749
1 0.4768041237113402 0.5350515463917526 0.4832474226804124 0.5426116838487972
1 0.47164948453608246 0.5302405498281787 0.47912371134020615 0.5402061855670103
1 0.5425257731958764 0.5350515463917526 0.5502577319587628 0.5446735395189003
1 0.6180412371134021 0.440893470790378 0.6252577319587629 0.4515463917525773
1 0.6896907216494845 0.4405498281786942 0.6971649484536083 0.45189003436426123
1 0.6154639175257732 0.5378006872852233 0.6231958762886599 0.5467353951890035
1 0.6811855670103093 0.5371134020618556 0.6889175257731959 0.5463917525773195
1 0.3332720588235294 0.629656862745098 0.340625 0.6352941176470588
1 0.41121323529411763 0.6254901960784313 0.41580882352941173 0.6325980392156862
1 0.4139705882352941 0.6264705882352941 0.41783088235294114 0.633578431372549
1 0.47150735294117646 0.6276960784313725 0.478860294117647 0.6367647058823529
1 0.5428308823529411 0.6284313725490196 0.5503676470588236 0.6372549019607843
1 0.6216911764705881 0.6230392156862745 0.6275735294117646 0.6338235294117647
1 0.6148897058823529 0.7252450980392157 0.6200367647058823 0.7350490196078431
1 0.6121323529411765 0.7274509803921567 0.6189338235294117 0.7370098039215687
1 0.5402573529411765 0.7225490196078431 0.5479779411764705 0.7313725490196078
1 0.47830882352941173 0.7188725490196078 0.4860294117647059 0.7286764705882353
1 0.6113970588235293 0.8215686274509804 0.6191176470588236 0.832843137254902
1 0.548345588235294 0.809313725490196 0.5568014705882353 0.8174019607843137
1 0.5481617647058823 0.8191176470588234 0.5551470588235294 0.8281862745098039
1 0.4770220588235294 0.8122549019607842 0.48437499999999994 0.8213235294117647
1 0.4091911764705882 0.7127450980392156 0.41562499999999997 0.7218137254901961
1 0.40165441176470584 0.8075980392156862 0.40845588235294117 0.8164215686274509
1 0.3358455882352941 0.7213235294117647 0.3424632352941176 0.729656862745098
1 0.3363970588235294 0.8149509803921567 0.3426470588235294 0.82328431372549
1 0.34172794117647054 0.8166666666666667 0.34816176470588234 0.8259803921568626
1 0.6836419753086419 0.6209876543209876 0.6901234567901234 0.6333333333333333
1 0.6814814814814814 0.7205761316872428 0.6885802469135802 0.7292181069958846
1 0.6824074074074074 0.8160493827160493 0.6891975308641974 0.8242798353909464
1 0.6836419753086419 0.9086419753086419 0.691358024691358 0.9164609053497942
1 0.6824074074074074 0.9148148148148147 0.6891975308641974 0.9230452674897119
1 0.6132716049382716 0.8987654320987654 0.6200617283950617 0.908230452674897
1 0.6117283950617284 0.9144032921810699 0.6175925925925925 0.9246913580246913
1 0.5432098765432098 0.9078189300411522 0.5509259259259258 0.9185185185185184
1 0.5410493827160493 0.9016460905349793 0.5459876543209876 0.9127572016460905
1 0.47222222222222215 0.9004115226337447 0.4802469135802469 0.9090534979423868
1 0.40432098765432095 0.9057613168724279 0.41265432098765426 0.9144032921810699
1 0.3376543209876543 0.9049382716049382 0.3441358024691358 0.917283950617284
1 0.3333333333333333 0.988065843621399 0.3404320987654321 0.9962962962962962
1 0.3348765432098765 0.994238683127572 0.3435185185185185 0.9987654320987653
1 0.4037037037037037 0.9934156378600822 0.41141975308641976 0.9995884773662551
1 0.619753086419753 0.9950617283950616 0.6262345679012346 0.9991769547325102
