0 0.29375 0.0 0.7552525562372189 0.9996666666666667
1 0.3530405405405405 0.0490990990990991 0.36060810810810806 0.059459459459459456
1 0.3499324324324324 0.058198198198198194 0.35817567567567565 0.06738738738738739
1 0.4182044887780549 0.04954280964256027 0.42568578553615966 0.059933499584372406
1 0.42506234413965094 0.0514546965918537 0.43129675810473816 0.0600997506234414
1 0.48834164588528683 0.05660847880299252 0.4950124688279302 0.06733167082294265
1 0.3581761006289308 0.14800838574423478 0.3664308176100629 0.1583857442348008
1 0.4230345911949685 0.14329140461215933 0.42948113207547167 0.1520964360587002
1 0.48624213836477986 0.14077568134171906 0.4932389937106918 0.15073375262054506
1 0.560691823899371 0.1459119496855346 0.5673742138364779 0.1549266247379455
1 0.6208333333333332 0.14350104821802934 0.6275157232704403 0.15272536687631025
1 0.6988207547169811 0.15262054507337525 0.7061320754716981 0.16132075471698112
1 0.7008435582822085 0.047546012269938646 0.7069785276073619 0.057259713701431486
1 0.688420245398773 0.05552147239263803 0.6956288343558282 0.0656441717791411
1 0.6278061224489795 0.05952380952380952 0.6339795918367347 0.07047619047619047
1 0.5566523605150214 0.05321888412017167 0.5642703862660944 0.06323319027181688
1 0.3478787878787879 0.2321212121212121 0.35348484848484846 0.2418181818181818
1 0.4142424242424242 0.2323232323232323 0.42196969696969694 0.24060606060606057
1 0.343030303030303 0.32606060606060605 0.3503030303030302 0.3357575757575757
1 0.42136363636363633 0.3242424242424242 0.42863636363636365 0.33474747474747474
1 0.4813636363636363 0.33010101010101006 0.4886363636363636 0.34020202020202017
1 0.48636363636363633 0.23878787878787874 0.49090909090909085 0.24909090909090909
1 0.5574242424242424 0.24282828282828278 0.5627272727272726 0.25515151515151513
1 0.5568181818181818 0.32949494949494945 0.5639393939393939 0.33898989898989895
1 0.6301515151515151 0.33070707070707067 0.6366666666666666 0.34020202020202017
1 0.6233333333333333 0.23777777777777775 0.6307575757575757 0.24626262626262624
1 0.6896969696969696 0.241010101010101 0.6966666666666667 0.25090909090909086
1 0.7013636363636363 0.3309090909090909 0.7084848484848484 0.341010101010101
1 0.3512886597938144 0.4189003436426117 0.35850515463917526 0.4288659793814433
1 0.41649484536082476 0.41580756013745707 0.42371134020618556 0.42577319587628865
1 0.4829896907216495 0.4175257731958763 0.49020618556701034 0.4271477663230241
1 0.4878865979381444 0.422680412371134 0.49355670103092786 0.42955326460481097
1 0.5533505154639176 0.42371134020618556 0.5603092783505155 0.43264604810996565
1 0.34304123711340206 0.5147766323024056 0.3512886597938144 0.520618556701031
1 0.4213917525773196 0.511340206185567 0.4280927835051547 0.520618556701031
1 0.4811855670103093 0.5144329896907216 0.48840206185567014 0.5237113402061856
1 0.5525773195876288 0.5158075601374571 0.5603092783505155 0.5254295532646048
1 0.34458762886597943 0.6068728522336769 0.3520618556701031 0.6158075601374571
1 0.4190721649484536 0.5993127147766323 0.42525773195876293 0.6089347079037801
1 0.4878865979381444 0.6068728522336769 0.49536082474226806 0.6158075601374571
1 0.6234536082474227 0.6144329896907217 0.6298969072164948 0.6240549828178694
1 0.6216494845360825 0.6158075601374571 0.6286082474226804 0.6268041237113402
1 0.6907216494845361 0.6099656357388316 0.6979381443298969 0.6195876288659794
1 0.6943298969072165 0.5120274914089347 0.6989690721649484 0.5213058419243987
1 0.6927835051546393 0.4281786941580756 0.6997422680412372 0.4374570446735396
1 0.6255154639175259 0.42646048109965634 0.6335051546391753 0.4357388316151203
1 0.631701030927835 0.5127147766323025 0.6373711340206186 0.5233676975945017
1 0.5502487562189055 0.6106135986733001 0.5573383084577114 0.6197346600331675
1 0.34514218009478675 0.6995260663507109 0.35118483412322277 0.7086887835703002
1 0.34988151658767774 0.7018957345971565 0.35556872037914694 0.7112164296998421
1 0.410781990521327 0.6933649289099526 0.4165876777251185 0.7022116903633492
1 0.3459715639810427 0.7909952606635071 0.3503554502369668 0.8004739336492891
1 0.41255924170616115 0.7924170616113744 0.4197867298578199 0.801263823064771
1 0.33957345971563985 0.8744075829383887 0.3464454976303318 0.8823064770932071
1 0.34277251184834123 0.8780410742496051 0.348696682464455 0.8876777251184835
1 0.4113744075829384 0.8797788309636652 0.42002369668246453 0.888783570300158
1 0.4887440758293839 0.8932069510268563 0.4956161137440758 0.9012638230647709
1 0.5513033175355451 0.8854660347551344 0.5587677725118484 0.8960505529225908
1 0.4802132701421801 0.7886255924170616 0.48755924170616116 0.7965244865718799
1 0.48068720379146923 0.7946287519747236 0.48625592417061614 0.8041074249605057
1 0.5489336492890996 0.7905213270142181 0.5528436018957347 0.7993680884676146
1 0.5520142180094787 0.7966824644549764 0.5588862559241706 0.8061611374407583
1 0.48644366197183103 0.6998826291079813 0.4918133802816902 0.7085680751173709
1 0.5569055944055945 0.6976689976689977 0.5643356643356643 0.706993006993007
1 0.5567307692307693 0.7076923076923077 0.5630244755244755 0.7167832167832168
1 0.6199300699300699 0.7102564102564103 0.6270979020979021 0.7216783216783218
1 0.6912587412587413 0.705827505827506 0.6976398601398601 0.7148018648018648
1 0.620778364116095 0.7885664028144239 0.6273746701846966 0.7966578715919086
1 0.6198548812664908 0.8033421284080914 0.6248680738786279 0.8131926121372032
1 0.691820580474934 0.7985048372911169 0.6990105540897098 0.8063324538258576
1 0.6901055408970976 0.8054529463500439 0.6976253298153035 0.8125769569041337
1 0.6821899736147757 0.8875989445910291 0.6921503957783641 0.8990325417766052
1 0.6263081395348837 0.8843023255813953 0.6334302325581396 0.8925064599483205
1 0.3428958785249458 0.9682574114244396 0.349349240780911 0.979464931308749
1 0.3453904555314533 0.9710773680404917 0.3516811279826464 0.9802603036876355
1 0.4110215053763441 0.9803763440860215 0.41841397849462364 0.9887096774193548
1 0.4137768817204301 0.9773297491039427 0.42043010752688165 0.9853046594982078
1 0.48227848101265824 0.9670886075949366 0.49003164556962026 0.9757383966244726
1 0.5479430379746836 0.9784810126582277 0.5544303797468355 0.990084388185654
