0 0.29374999999999996 0.001190476190476256 0.754040442418102 0.9996666666666667
1 0.352972027972028 0.049417249417249426 0.36013986013986016 0.05944055944055944
1 0.3501748251748252 0.058041958041958046 0.35769230769230775 0.06736596736596737
1 0.41835664335664335 0.04965034965034965 0.4251748251748252 0.059906759906759914
1 0.42482517482517484 0.05128205128205128 0.4314685314685315 0.06060606060606061
1 0.3587412587412588 0.14871794871794872 0.36590909090909096 0.15827505827505828
1 0.42290209790209793 0.14382284382284383 0.42954545454545456 0.15174825174825174
1 0.4861888111888112 0.14055944055944056 0.4935314685314685 0.15104895104895105
1 0.4881118881118881 0.05664335664335665 0.4954545454545455 0.06689976689976691
1 0.3477272727272728 0.2324009324009324 0.3536713286713287 0.24242424242424243
1 0.41381118881118883 0.23216783216783218 0.4211538461538462 0.2407925407925408
1 0.4870629370629371 0.23986013986013988 0.49073426573426576 0.2494172494172494
1 0.5583916083916084 0.24452214452214455 0.5622377622377622 0.2545454545454545
1 0.6234265734265735 0.23799533799533798 0.6305944055944056 0.24592074592074592
1 0.6208041958041959 0.14358974358974358 0.6277972027972027 0.15291375291375292
1 0.5604895104895105 0.14545454545454545 0.5673076923076924 0.15454545454545457
1 0.5563218390804597 0.053256704980842916 0.564080459770115 0.06283524904214559
1 0.6280172413793104 0.05919540229885057 0.6341954022988506 0.06973180076628353
1 0.6991379310344827 0.15287356321839082 0.7064655172413793 0.16168582375478927
1 0.6892241379310345 0.05574712643678161 0.6954022988505748 0.0653256704980843
1 0.7010057471264367 0.04770114942528735 0.707183908045977 0.05727969348659004
1 0.6893034825870646 0.24096185737976777 0.6965174129353232 0.2509121061359867
1 0.7014925373134328 0.3311774461028192 0.7083333333333333 0.3412935323383084
1 0.6299751243781094 0.3308457711442786 0.6365671641791044 0.3401326699834162
1 0.5567164179104477 0.330016583747927 0.5638059701492536 0.3388059701492537
1 0.4813432835820895 0.3301824212271973 0.48818407960199 0.3398009950248756
1 0.48345771144278604 0.41774461028192367 0.49042288557213926 0.42669983416252066
1 0.4876865671641791 0.42255389718076286 0.49353233830845766 0.430016583747927
1 0.5539800995024875 0.4243781094527363 0.5600746268656716 0.432669983416252
1 0.62636815920398 0.42669983416252066 0.6333333333333333 0.4353233830845771
1 0.6917910447761193 0.4281923714759535 0.6997512437810944 0.4378109452736318
1 0.3426056338028169 0.32582159624413143 0.3501760563380282 0.3354460093896714
1 0.42097701149425293 0.32388250319284806 0.428639846743295 0.3340996168582376
1 0.4166666666666667 0.41621966794380594 0.4232758620689655 0.42554278416347385
1 0.35172413793103446 0.420051085568327 0.35823754789272033 0.42886334610472543
1 0.34380403458213254 0.5152737752161383 0.35108069164265127 0.5201729106628242
1 0.42139769452449566 0.5120076849183477 0.4281700288184438 0.5198847262247838
1 0.4814841498559077 0.5146974063400577 0.48832853025936596 0.5237271853986551
1 0.4809798270893372 0.5236311239193083 0.48717579250720455 0.5305475504322766
1 0.5528818443804034 0.5165225744476465 0.5597262247838617 0.5256484149855908
1 0.6314841498559077 0.5131604226705091 0.6369596541786743 0.5226705091258406
1 0.6945244956772334 0.5123919308357349 0.6989193083573486 0.5218059558117194
1 0.34442028985507245 0.6073429951690821 0.35173913043478255 0.6153623188405797
1 0.41891304347826086 0.5994202898550725 0.4252173913043478 0.6083091787439613
1 0.4881159420289855 0.6066666666666667 0.494927536231884 0.6157487922705314
1 0.5503623188405796 0.6104347826086955 0.5571739130434783 0.6194202898550725
1 0.623695652173913 0.6147826086956522 0.6291304347826087 0.623768115942029
1 0.6215942028985507 0.6170048309178744 0.6281884057971013 0.6260869565217391
1 0.6907246376811593 0.6102415458937197 0.6973188405797102 0.6196135265700482
1 0.3448687350835322 0.7003182179793157 0.3507756563245823 0.7084327764518695
1 0.35017899761336513 0.7020684168655529 0.3556682577565632 0.7109785202863961
1 0.41068019093078756 0.6933969769291964 0.41670644391408107 0.7023070803500397
1 0.48627684964200474 0.7000795544948288 0.49200477326968967 0.7088305489260143
1 0.5569212410501193 0.7077167859984088 0.5630668257756563 0.7164677804295941
1 0.5569809069212409 0.6976133651551312 0.5644988066825776 0.7067621320604613
1 0.6198090692124104 0.7108194112967382 0.6271479713603818 0.7218774860779633
1 0.6907517899761336 0.705568814638027 0.6977326968973746 0.7146380270485282
1 0.34592274678111584 0.7909871244635194 0.3503218884120171 0.8008583690987123
1 0.41244635193133045 0.7925608011444921 0.41974248927038627 0.8011444921316165
1 0.48004291845493563 0.7886981402002862 0.48723175965665233 0.7968526466380543
1 0.48057939914163084 0.7948497854077253 0.4863733905579399 0.8041487839771101
1 0.5490343347639485 0.7898426323319027 0.5527896995708154 0.7989985693848354
1 0.551931330472103 0.7965665236051501 0.5589055793991416 0.8067238912732475
1 0.6210300429184549 0.7881258941344779 0.6271459227467812 0.7964234620886981
1 0.6198497854077253 0.8030042918454936 0.6251072961373391 0.8133047210300428
1 0.6919527896995707 0.7988555078683833 0.6988197424892703 0.8061516452074391
1 0.6902360515021458 0.8051502145922746 0.6969957081545064 0.8123032904148785
1 0.33975535168195714 0.8744138634046892 0.3457951070336392 0.8821610601427115
1 0.3428134556574923 0.8780835881753313 0.3492354740061162 0.8883792048929663
1 0.41131498470948014 0.8798165137614679 0.41957186544342506 0.8886850152905199
1 0.488914373088685 0.8936799184505606 0.4944954128440367 0.9010193679918451
1 0.551605504587156 0.8854230377166158 0.5584862385321101 0.8965341488277268
1 0.6261467889908258 0.8846075433231396 0.6329510703363914 0.8927624872579001
1 0.684480122324159 0.8879714576962283 0.6915902140672784 0.8961264016309888
1 0.6820336391437308 0.890112130479103 0.6901376146788991 0.8986748216106014
1 0.34256756756756757 0.9682682682682683 0.34947447447447444 0.979079079079079
1 0.34459459459459457 0.9711711711711711 0.35157657657657654 0.9804804804804804
1 0.41088588588588587 0.9772772772772772 0.41839339339339343 0.9881881881881882
1 0.41388888888888886 0.9775775775775775 0.42057057057057057 0.9867867867867867
1 0.48205705705705704 0.967067067067067 0.4893393393393394 0.9753753753753753
1 0.5481981981981981 0.97997997997998 0.5540540540540541 0.9900900900900902
