0 0.2941666666666667 0.0011111111111111107 0.7504987976322605 0.9996666666666667
1 0.35 0.051889338731443996 0.35693319838056675 0.061538461538461535
1 0.3465587044534413 0.06133603238866397 0.3543016194331984 0.06902834008097165
1 0.41482479784366577 0.05157232704402515 0.4217654986522911 0.0610062893081761
1 0.42142857142857143 0.0527403414195867 0.4272237196765499 0.06154537286612758
1 0.48483827493261455 0.057592093441150044 0.4908355795148248 0.06783468104222821
1 0.553167115902965 0.053998203054806834 0.5605121293800539 0.06352201257861635
1 0.6235849056603773 0.05911949685534591 0.6309299191374663 0.07017070979335131
1 0.6856469002695418 0.055525606469002696 0.6925876010781672 0.06504941599281222
1 0.6969676549865229 0.04699011680143756 0.7036388140161726 0.05714285714285714
1 0.35587649402390437 0.15086321381142095 0.36264940239043825 0.1592297476759628
1 0.420219123505976 0.1451527224435591 0.42619521912350594 0.1529880478087649
1 0.4832669322709163 0.14169986719787514 0.49013944223107564 0.15139442231075698
1 0.5581884057971014 0.14657004830917872 0.5640579710144927 0.15487922705314008
1 0.6172463768115941 0.14357487922705311 0.6245652173913042 0.15217391304347824
1 0.34584382871536523 0.23476070528967255 0.3508816120906801 0.24374475230898401
1 0.4109027777777778 0.23314814814814816 0.41881944444444447 0.24175925925925923
1 0.48409722222222223 0.2399074074074074 0.48763888888888884 0.24981481481481482
1 0.5559722222222222 0.24453703703703702 0.5588194444444444 0.25425925925925924
1 0.6205985915492959 0.23767605633802819 0.6279049295774648 0.24600938967136154
1 0.6961538461538462 0.15285996055226825 0.7029585798816569 0.16094674556213018
1 0.6872781065088758 0.24082840236686393 0.6940828402366863 0.2500986193293886
1 0.6994186046511628 0.3310077519379845 0.7062015503875968 0.3397932816537468
1 0.627906976744186 0.3310077519379845 0.6339147286821706 0.3397932816537468
1 0.5540697674418604 0.3304909560723514 0.5616279069767441 0.3395348837209302
1 0.4782945736434108 0.3304909560723514 0.4866279069767442 0.34082687338501294
1 0.4187984496124031 0.3250645994832041 0.425968992248062 0.3359173126614987
1 0.34069767441860466 0.327390180878553 0.3484496124031008 0.3372093023255814
1 0.35010729613733904 0.4216022889842632 0.3569742489270386 0.4306151645207439
1 0.4146995708154506 0.41745350500715306 0.421137339055794 0.42689556509299
1 0.48104166666666665 0.4184259259259259 0.48798611111111106 0.42777777777777776
1 0.485625 0.42277777777777775 0.49159722222222224 0.4307407407407407
1 0.5516891891891892 0.4240990990990991 0.5581925675675676 0.4326576576576576
1 0.6246721311475408 0.42688524590163934 0.6315573770491802 0.4354098360655737
1 0.6900819672131147 0.427431693989071 0.6980327868852458 0.4371584699453551
1 0.34214285714285714 0.5166666666666666 0.3501785714285714 0.5221428571428571
1 0.4194642857142857 0.5126190476190475 0.4269642857142857 0.5211904761904761
1 0.4792857142857142 0.5149999999999999 0.48749999999999993 0.5252380952380952
1 0.5508928571428571 0.5164285714285715 0.5589285714285713 0.5261904761904761
1 0.6296428571428571 0.5116666666666666 0.6367857142857142 0.5228571428571428
1 0.6914285714285713 0.5104761904761904 0.6994642857142856 0.5221428571428571
1 0.3431306306306306 0.6084084084084084 0.3511261261261261 0.618018018018018
1 0.41722972972972966 0.6004504504504504 0.4244369369369369 0.6099099099099099
1 0.48682432432432426 0.6075075075075075 0.49403153153153145 0.6168168168168168
1 0.5488738738738738 0.6106606606606606 0.5561936936936936 0.6202702702702702
1 0.6227477477477477 0.6144144144144144 0.6284909909909909 0.6237237237237236
1 0.6203828828828829 0.6159159159159159 0.6271396396396396 0.6264264264264263
1 0.6891891891891891 0.6093093093093093 0.697072072072072 0.619069069069069
1 0.34429245283018867 0.7019496855345911 0.35028301886792457 0.7099371069182391
1 0.3493396226415094 0.7038993710691823 0.35509433962264153 0.7127044025157233
1 0.4100471698113208 0.6947169811320755 0.4160377358490566 0.7036477987421383
1 0.48547169811320756 0.700503144654088 0.49141509433962266 0.7097484276729561
1 0.5558490566037736 0.7077987421383649 0.5623584905660377 0.7169811320754718
1 0.5558962264150944 0.6977987421383649 0.5640094339622642 0.7064779874213837
1 0.6187623762376238 0.7104950495049505 0.6264851485148515 0.7216501650165017
1 0.6903960396039603 0.7049504950495049 0.6973267326732673 0.7140594059405941
1 0.3439899833055092 0.7926544240400667 0.35050083472454086 0.8025041736227044
1 0.41193656093489145 0.7939343350027823 0.4194908180300501 0.8024485253199778
1 0.4796744574290484 0.7890929326655537 0.48710350584307177 0.7981079577072899
1 0.48038397328881466 0.7966611018363939 0.4858931552587646 0.8053978853644964
1 0.5483396584440227 0.7907653383934218 0.5525142314990512 0.8000632511068944
1 0.5512333965844401 0.7967109424414927 0.5584914611005692 0.8058823529411764
1 0.6206356736242884 0.7878557874762808 0.6268026565464895 0.7963314358001266
1 0.6197817836812144 0.8030360531309297 0.6249051233396584 0.8127134724857684
1 0.6913187855787476 0.798481973434535 0.698908918406072 0.805819101834282
1 0.6904174573055029 0.8049335863377608 0.6967741935483871 0.8116382036685641
1 0.3427804295942721 0.8802704852824185 0.3488066825775656 0.8895783611774065
1 0.3400954653937947 0.8768496420047731 0.348090692124105 0.8852028639618138
1 0.410799522673031 0.8808273667462211 0.4191527446300715 0.8907716785998407
1 0.4883054892601431 0.8939538583929992 0.49468973747016703 0.9020684168655528
1 0.5515513126491647 0.8859188544152744 0.558472553699284 0.8966587112171838
1 0.6264319809069211 0.8841686555290372 0.6329952267303102 0.8919649960222752
1 0.6847744360902256 0.8875104427736007 0.6918859649122806 0.896157059314954
1 0.6826127819548872 0.8885964912280702 0.6900375939849623 0.8978279030910609
1 0.342953431372549 0.970016339869281 0.3494485294117647 0.9814542483660131
1 0.3449754901960784 0.9724673202614379 0.3521446078431372 0.9819444444444445
1 0.41133578431372547 0.9805555555555555 0.41881127450980393 0.9901143790849674
1 0.41476715686274507 0.9781045751633988 0.4205882352941176 0.9875816993464052
1 0.4828431372549019 0.9685457516339869 0.4904411764705882 0.9770424836601307
1 0.5488357843137255 0.9802287581699346 0.5545955882352941 0.9903594771241829
