0 0.21583333333333338 0.0022222222222222227 0.7131671306607275 0.9996666666666667
1 0.28052434456928843 0.06279650436953808 0.28707865168539326 0.06991260923845194
1 0.2766666666666666 0.1591919191919192 0.28075757575757576 0.16727272727272724
1 0.35 0.15717171717171716 0.3556060606060606 0.16363636363636364
1 0.2721212121212121 0.26505050505050504 0.2792424242424242 0.2733333333333333
1 0.3501515151515151 0.2585858585858586 0.358030303030303 0.2668686868686868
1 0.4240909090909091 0.2543434343434343 0.43060606060606055 0.2618181818181818
1 0.5012121212121212 0.24767676767676766 0.5077272727272727 0.2581818181818182
1 0.41863636363636364 0.16020202020202018 0.4251515151515151 0.16646464646464645
1 0.49181818181818177 0.15555555555555553 0.4984848484848484 0.1632323232323232
1 0.3523936170212766 0.05709219858156029 0.3592198581560284 0.06595744680851064
1 0.4257092198581561 0.057919621749408984 0.4326241134751774 0.06678486997635935
1 0.49565602836879435 0.057328605200945626 0.5018617021276596 0.06702127659574468
1 0.5722517730496454 0.05697399527186762 0.5788120567375887 0.066548463356974
1 0.638918439716312 0.05543735224586288 0.6464539007092198 0.0648936170212766
1 0.6430851063829788 0.06134751773049645 0.6505319148936171 0.06997635933806147
1 0.6524916943521595 0.15957918050941305 0.6596345514950166 0.16954595791805094
1 0.6395348837209303 0.15913621262458472 0.6461794019933554 0.1691029900332226
1 0.5730066445182724 0.15692137320044294 0.5803986710963455 0.16655592469545957
1 0.5701195219123506 0.2541832669322709 0.5796812749003983 0.26188579017264274
1 0.6477091633466135 0.2523240371845949 0.6560756972111553 0.25976095617529876
1 0.28199404761904767 0.36369047619047623 0.2869791666666667 0.373015873015873
1 0.35148809523809527 0.3493055555555556 0.3580357142857143 0.35634920634920636
1 0.34888392857142864 0.3541666666666667 0.3549107142857143 0.3643849206349206
1 0.4241071428571429 0.3547619047619047 0.4314732142857143 0.36369047619047623
1 0.49724702380952385 0.35595238095238096 0.5034226190476191 0.36537698412698416
1 0.49330357142857145 0.34960317460317464 0.4994047619047619 0.3569444444444445
1 0.5776785714285715 0.3541666666666667 0.5843005952380953 0.3639880952380953
1 0.6447916666666668 0.3504960317460317 0.6513392857142858 0.3569444444444445
1 0.27150735294117645 0.4654411764705882 0.27849264705882354 0.4730392156862745
1 0.35 0.44509803921568625 0.35680147058823525 0.45416666666666666
1 0.4213235294117647 0.45514705882352935 0.4275735294117647 0.463235294117647
1 0.4994485294117647 0.4473039215686274 0.5055147058823529 0.45759803921568626
1 0.5729779411764705 0.4446078431372549 0.5786764705882352 0.454656862745098
1 0.5742647058823529 0.5448529411764705 0.5814338235294118 0.5534313725490196
1 0.5742647058823529 0.5566176470588236 0.5801470588235293 0.5676470588235294
1 0.5027573529411764 0.5541666666666666 0.5099264705882353 0.5647058823529412
1 0.27707317073170734 0.553821138211382 0.2853658536585366 0.5634146341463415
1 0.2785365853658537 0.5627642276422764 0.28402439024390247 0.5720325203252032
1 0.3507317073170732 0.5489430894308943 0.35792682926829267 0.5593495934959349
1 0.42439024390243907 0.5560975609756097 0.4330487804878049 0.564390243902439
1 0.6538907284768212 0.5498896247240619 0.6605960264900662 0.5601545253863135
1 0.6443708609271523 0.5597130242825608 0.6510761589403974 0.5707505518763797
1 0.2751683501683502 0.6581369248035914 0.28274410774410774 0.668013468013468
1 0.34654882154882155 0.6516273849607183 0.3537037037037037 0.6622895622895623
1 0.34848484848484845 0.6648709315375981 0.3556397306397306 0.6705948372615038
1 0.423989898989899 0.6465768799102132 0.43156565656565654 0.6554433221099888
1 0.421043771043771 0.6540965207631874 0.4289562289562289 0.6637485970819305
1 0.5007575757575757 0.6483726150392817 0.5084175084175083 0.6574635241301907
1 0.5672558922558922 0.6616161616161615 0.576010101010101 0.6719416386083052
1 0.5755892255892255 0.6423120089786756 0.5817340067340067 0.650729517396184
1 0.6429078014184397 0.6407801418439717 0.6492021276595745 0.6494089834515366
1 0.6471631205673759 0.6523640661938535 0.6553191489361703 0.6632387706855792
1 0.6573333333333333 0.7417777777777779 0.6651111111111111 0.7517037037037038
1 0.5732222222222222 0.7525925925925926 0.5794444444444444 0.7619259259259259
1 0.5036666666666667 0.750074074074074 0.5102222222222222 0.7601481481481481
1 0.49922222222222223 0.7625185185185186 0.507 0.7733333333333333
1 0.4242222222222222 0.7548148148148148 0.43122222222222223 0.7653333333333333
1 0.34455555555555556 0.7515555555555555 0.3532222222222222 0.7604444444444445
1 0.3486666666666667 0.7601481481481481 0.3556666666666667 0.7705185185185186
1 0.2758888888888889 0.7530370370370371 0.2846666666666667 0.7622222222222221
1 0.34484126984126984 0.8650793650793651 0.35099206349206347 0.8732804232804233
1 0.42539682539682544 0.8486772486772487 0.431547619047619 0.8560846560846561
1 0.42876984126984125 0.8626984126984127 0.4365079365079365 0.8730158730158729
1 0.5025793650793651 0.8571428571428572 0.5079365079365079 0.8687830687830688
1 0.5051587301587301 0.9560846560846561 0.5113095238095238 0.9664021164021165
1 0.42857142857142855 0.9552910052910053 0.4380952380952381 0.9653439153439154
1 0.35555555555555557 0.9510582010582012 0.3623015873015873 0.9608465608465608
1 0.27400793650793653 0.9563492063492063 0.283531746031746 0.9677248677248678
1 0.5792613636363636 0.8477272727272727 0.5875 0.8571969696969697
1 0.6505681818181819 0.8473484848484848 0.6590909090909092 0.8571969696969697
1 0.578125 0.946969696969697 0.5838068181818181 0.9571969696969697
1 0.6494318181818182 0.9473484848484849 0.6565340909090909 0.9571969696969697
1 0.6536931818181819 0.9409090909090908 0.6602272727272728 0.9484848484848485
