0 0.215625 0.0027777777777777714 0.713378120665742 0.9996666666666667
1 0.2761904761904762 0.15841269841269842 0.2814285714285715 0.16698412698412696
1 0.3504761904761905 0.15682539682539684 0.3557142857142857 0.1638095238095238
1 0.2804761904761905 0.06317460317460317 0.2866666666666666 0.06888888888888889
1 0.3530952380952381 0.05650793650793651 0.35857142857142854 0.06603174603174602
1 0.42521367521367526 0.05811965811965812 0.43162393162393164 0.06666666666666667
1 0.49551282051282053 0.05754985754985755 0.5008547008547009 0.0680911680911681
1 0.573076923076923 0.05698005698005699 0.5790598290598291 0.06666666666666667
1 0.4192307692307693 0.15982905982905984 0.42478632478632483 0.1663817663817664
1 0.49145299145299143 0.1547008547008547 0.4991452991452992 0.16324786324786325
1 0.5735042735042736 0.15612535612535614 0.5803418803418804 0.1660968660968661
1 0.6397435897435898 0.158974358974359 0.6463675213675214 0.16866096866096866
1 0.6534188034188034 0.15954415954415954 0.6594017094017095 0.16951566951566954
1 0.6388686131386861 0.05559610705596107 0.645985401459854 0.06399026763990266
1 0.6434306569343066 0.06143552311435523 0.6505474452554744 0.06982968369829683
1 0.27224489795918366 0.2640816326530612 0.2796938775510204 0.27387755102040817
1 0.35020408163265304 0.2585034013605442 0.35775510204081634 0.2670748299319728
1 0.4240816326530612 0.2545578231292517 0.43040816326530607 0.2629931972789115
1 0.5016326530612245 0.2473469387755102 0.5076530612244897 0.2585034013605442
1 0.5707142857142856 0.25442176870748295 0.5793877551020408 0.2617687074829932
1 0.6477551020408163 0.25197278911564625 0.6558163265306122 0.25945578231292515
1 0.28173913043478255 0.3637681159420289 0.28739130434782606 0.372463768115942
1 0.35173913043478255 0.3492753623188405 0.3584782608695652 0.3559420289855072
1 0.348695652173913 0.35449275362318833 0.35543478260869565 0.3643478260869565
1 0.42369565217391303 0.35449275362318833 0.4313043478260869 0.36405797101449267
1 0.2713043478260869 0.46579710144927533 0.2789130434782608 0.472463768115942
1 0.34978260869565214 0.4455072463768115 0.3565217391304348 0.45391304347826084
1 0.4208695652173913 0.45478260869565207 0.4273913043478261 0.46260869565217383
1 0.49956521739130433 0.4469565217391304 0.5060869565217391 0.4571014492753623
1 0.49351851851851847 0.34975308641975306 0.4994444444444444 0.35679012345679006
1 0.49749999999999994 0.3558024691358025 0.5034259259259258 0.36518518518518517
1 0.5778703703703704 0.35419753086419753 0.5841666666666666 0.3634567901234567
1 0.645 0.3502469135802469 0.6512037037037037 0.3565432098765432
1 0.5733870967741935 0.4444444444444444 0.5791666666666666 0.45376344086021503
1 0.27701511335012596 0.5539882451721242 0.2852015113350126 0.5633081444164567
1 0.2784005037783375 0.56272040302267 0.2843198992443325 0.5717044500419814
1 0.35088757396449705 0.5487179487179488 0.3576923076923077 0.5593688362919133
1 0.42440828402366865 0.5566074950690336 0.43269230769230765 0.5641025641025641
1 0.5023668639053255 0.554043392504931 0.5097633136094675 0.5646942800788954
1 0.5742603550295858 0.5435897435897435 0.5813609467455622 0.5530571992110453
1 0.5745562130177515 0.5566074950690336 0.5809171597633136 0.5674556213017752
1 0.6539940828402367 0.5497041420118343 0.6609467455621302 0.5605522682445759
1 0.6445266272189349 0.5601577909270217 0.6514792899408284 0.5708086785009863
1 0.2747512437810945 0.6582089552238806 0.2827114427860696 0.6683250414593698
1 0.3467661691542288 0.6512437810945273 0.35348258706467656 0.6620232172470978
1 0.3481343283582089 0.6650082918739634 0.35597014925373127 0.6703150912106135
1 0.42391666666666666 0.646888888888889 0.4315 0.6552222222222223
1 0.421 0.653888888888889 0.4283333333333333 0.6637777777777778
1 0.5005833333333333 0.6485555555555556 0.5078333333333334 0.656888888888889
1 0.5678333333333334 0.6616666666666666 0.5755 0.6713333333333333
1 0.5755 0.6425555555555555 0.5820833333333334 0.650888888888889
1 0.6474166666666666 0.6525555555555556 0.6554166666666666 0.6632222222222223
1 0.643 0.6407777777777778 0.6491666666666667 0.6491111111111111
1 0.2755208333333334 0.7527777777777779 0.28515625 0.7621527777777778
1 0.3446614583333334 0.7510416666666667 0.35325520833333335 0.7598958333333333
1 0.3483072916666667 0.7597222222222223 0.3555989583333334 0.7703125
1 0.42421875 0.7548611111111112 0.43098958333333337 0.7652777777777778
1 0.5036458333333333 0.75 0.5096354166666667 0.7598958333333333
1 0.49934895833333337 0.762326388888889 0.5069010416666667 0.7737847222222223
1 0.5733072916666667 0.7532986111111112 0.5798177083333333 0.7618055555555556
1 0.657421875 0.742013888888889 0.6651041666666667 0.7515625
1 0.34449152542372885 0.8655367231638419 0.35084745762711866 0.8731638418079096
1 0.425635593220339 0.8494350282485876 0.4309322033898305 0.8559322033898304
1 0.4290254237288136 0.862994350282486 0.43580508474576274 0.8728813559322034
1 0.5029661016949153 0.8576271186440678 0.5082627118644069 0.8677966101694916
1 0.5796610169491525 0.8483050847457627 0.5877118644067797 0.8567796610169492
1 0.6510593220338983 0.8468926553672317 0.6584745762711864 0.8576271186440678
1 0.2742559523809524 0.9567460317460318 0.2834821428571429 0.9676587301587302
1 0.35595238095238096 0.951388888888889 0.3625 0.9607142857142857
1 0.4291666666666667 0.955357142857143 0.4375 0.9650793650793651
1 0.5052083333333334 0.9557539682539683 0.5108630952380953 0.9672619047619048
1 0.578422619047619 0.9464285714285714 0.5834821428571428 0.9575396825396826
1 0.65 0.9468253968253968 0.6563988095238095 0.9567460317460318
1 0.6540178571428571 0.941468253968254 0.6602678571428572 0.9488095238095239
