0 0.21574074074074073 0.0 0.7118852671860051 0.9996666666666667
1 0.28028846153846154 0.0625 0.2882211538461538 0.07115384615384615
1 0.35283333333333333 0.057555555555555554 0.3585 0.06666666666666667
1 0.42533333333333334 0.058 0.432 0.06688888888888889
1 0.419 0.15955555555555556 0.42533333333333334 0.166
1 0.3501666666666667 0.15711111111111112 0.35633333333333334 0.164
1 0.4955 0.05777777777777778 0.5011666666666666 0.06644444444444444
1 0.4915 0.15555555555555556 0.4986666666666667 0.1628888888888889
1 0.5733333333333334 0.15644444444444444 0.5806666666666667 0.166
1 0.572 0.05644444444444445 0.5786666666666667 0.06666666666666667
1 0.638 0.05466666666666667 0.646 0.06488888888888888
1 0.6431666666666667 0.06177777777777778 0.6503333333333333 0.06977777777777779
1 0.6396666666666666 0.15888888888888889 0.6466666666666666 0.1688888888888889
1 0.6521666666666667 0.15933333333333333 0.6595 0.16933333333333334
1 0.2760185185185185 0.15876543209876542 0.28064814814814815 0.16679012345679012
1 0.27211191335740076 0.26401925391095066 0.2790613718411552 0.2743682310469314
1 0.3502707581227437 0.25872442839951865 0.3580324909747292 0.2670276774969916
1 0.42373646209386284 0.2543922984356197 0.4305956678700361 0.262575210589651
1 0.5016245487364621 0.2474127557160048 0.5076714801444043 0.2582430806257521
1 0.5707581227436823 0.253309265944645 0.5796931407942238 0.2618531889290012
1 0.6481046931407942 0.2523465703971119 0.655956678700361 0.2595667870036101
1 0.28195652173913044 0.36386473429951693 0.28695652173913044 0.3723671497584541
1 0.3518115942028985 0.3492753623188406 0.35797101449275365 0.3560386473429952
1 0.34876811594202894 0.3542995169082125 0.3551449275362319 0.36396135265700486
1 0.4244927536231884 0.35526570048309175 0.43094202898550726 0.3635748792270531
1 0.4929710144927536 0.3493719806763285 0.4994202898550724 0.3571980676328502
1 0.49731884057971015 0.35516908212560383 0.5031159420289855 0.3652173913043478
1 0.5776086956521739 0.3536231884057971 0.5841304347826086 0.36386473429951693
1 0.6447101449275362 0.3506280193236715 0.6510144927536231 0.35661835748792264
1 0.27142857142857146 0.4653679653679653 0.2784090909090909 0.4727272727272728
1 0.3501623376623377 0.44567099567099566 0.35633116883116883 0.45411255411255413
1 0.4212662337662338 0.45411255411255413 0.42775974025974023 0.4621212121212121
1 0.4993506493506493 0.4465367965367965 0.5056818181818182 0.45692640692640696
1 0.5725649350649351 0.4443722943722944 0.5790584415584416 0.45432900432900436
1 0.6541907514450866 0.5499036608863199 0.6609826589595376 0.5603082851637765
1 0.644364161849711 0.558766859344894 0.6511560693641619 0.5710982658959538
1 0.5741329479768786 0.5448940269749518 0.5813583815028902 0.5531791907514452
1 0.5744219653179191 0.5570327552986513 0.5802023121387283 0.5670520231213872
1 0.5030346820809248 0.5541425818882466 0.5101156069364162 0.5647398843930636
1 0.42456647398843933 0.5564547206165703 0.43294797687861275 0.564354527938343
1 0.35057803468208093 0.5483622350674374 0.3576589595375722 0.5595375722543353
1 0.27702312138728324 0.5539499036608864 0.2851156069364162 0.5639691714836224
1 0.27861271676300575 0.5622350674373796 0.2841040462427746 0.5722543352601156
1 0.27471098265895955 0.6581888246628131 0.28265895953757225 0.6689788053949904
1 0.3468208092485549 0.651830443159923 0.35361271676300576 0.6622350674373796
1 0.34841040462427747 0.6641618497109827 0.35534682080924856 0.6703275529865125
1 0.4239884393063584 0.6464354527938343 0.43164739884393066 0.6551059730250481
1 0.4210982658959538 0.6535645472061657 0.4286127167630058 0.6633911368015414
1 0.5007194244604316 0.6489208633093525 0.5086330935251798 0.6573141486810551
1 0.5757194244604316 0.6426858513189448 0.5820143884892086 0.6501199040767385
1 0.5676258992805755 0.6613908872901678 0.5757194244604316 0.6717026378896882
1 0.6428057553956834 0.6405275779376498 0.6492805755395683 0.6494004796163069
1 0.6473021582733812 0.6525179856115108 0.6550359712230215 0.6630695443645083
1 0.6571942446043165 0.7417266187050359 0.6651079136690647 0.7517985611510791
1 0.572841726618705 0.7522781774580335 0.5803956834532373 0.7621103117505995
1 0.5037769784172661 0.7503597122302158 0.5097122302158272 0.7594724220623501
1 0.4994604316546762 0.7628297362110311 0.5070143884892087 0.7731414868105515
1 0.42374100719424457 0.7546762589928058 0.4309352517985611 0.7657074340527578
1 0.3451438848920863 0.7513189448441245 0.3532374100719424 0.7597122302158272
1 0.34838129496402875 0.7597122302158272 0.3557553956834532 0.7705035971223021
1 0.2763565891472868 0.7527131782945736 0.2843992248062015 0.7617571059431524
1 0.34457364341085267 0.8655038759689923 0.3507751937984496 0.8736434108527131
1 0.425484496124031 0.8497416020671834 0.4310077519379845 0.8560723514211886
1 0.42916666666666664 0.8624031007751937 0.4362403100775194 0.8728682170542635
1 0.5028100775193798 0.857751937984496 0.5081395348837209 0.8682170542635659
1 0.5794573643410853 0.8484496124031008 0.5873062015503875 0.8569767441860464
1 0.6510658914728682 0.8470284237726098 0.6588178294573642 0.8574935400516795
1 0.2743489583333334 0.9569444444444445 0.283203125 0.9671875
1 0.3557291666666667 0.9508680555555556 0.36236979166666666 0.9609375
1 0.4291666666666667 0.9552083333333333 0.43723958333333335 0.9651041666666667
1 0.5049479166666667 0.956076388888889 0.51171875 0.9663194444444445
1 0.578125 0.9461805555555557 0.58359375 0.957638888888889
1 0.6498697916666667 0.946701388888889 0.6561197916666668 0.9571180555555556
1 0.6536458333333334 0.9407986111111112 0.66015625 0.9493055555555556
