0 0.21583333333333338 0.0022222222222222227 0.7117910199556541 0.9996666666666667
1 0.28107569721115533 0.06347941567065073 0.28685258964143423 0.0694555112881806
1 0.3530876494023904 0.05723771580345285 0.3588645418326693 0.06613545816733067
1 0.42545045045045043 0.05825825825825825 0.4322072072072071 0.06681681681681681
1 0.4959459459459459 0.0575075075075075 0.5014639639639639 0.06681681681681681
1 0.5728571428571427 0.05666666666666666 0.5791071428571428 0.0669047619047619
1 0.6389285714285713 0.05547619047619047 0.6457142857142857 0.06428571428571428
1 0.6430357142857143 0.0619047619047619 0.6503571428571427 0.06928571428571428
1 0.6399999999999999 0.1595238095238095 0.6462499999999999 0.16809523809523808
1 0.6524999999999999 0.15999999999999998 0.6592857142857143 0.1692857142857143
1 0.6480357142857143 0.2521428571428571 0.6560714285714285 0.2592857142857143
1 0.5707142857142856 0.25499999999999995 0.5796428571428571 0.26190476190476186
1 0.5733928571428571 0.15690476190476188 0.5807142857142856 0.1657142857142857
1 0.4910714285714285 0.1557142857142857 0.4985714285714285 0.1633333333333333
1 0.50125 0.2476190476190476 0.5075 0.25857142857142856
1 0.4242857142857142 0.25476190476190474 0.43071428571428566 0.2621428571428571
1 0.4189285714285714 0.15976190476190474 0.4253571428571428 0.16595238095238093
1 0.34982142857142856 0.15714285714285714 0.35571428571428565 0.1638095238095238
1 0.3499999999999999 0.25857142857142856 0.3576785714285714 0.2671428571428571
1 0.2766094420600858 0.1585121602288984 0.28090128755364807 0.1669527896995708
1 0.27263948497854074 0.2650929899856938 0.27896995708154504 0.2739628040057225
1 0.28210059171597635 0.36410256410256414 0.2866863905325444 0.3727810650887574
1 0.3516272189349112 0.34950690335305723 0.3579881656804734 0.3558185404339251
1 0.34896449704142013 0.35443786982248526 0.3554733727810651 0.36449704142011835
1 0.4245562130177515 0.3552268244575937 0.4312130177514793 0.36370808678500993
1 0.49319526627218935 0.3493096646942801 0.4995562130177515 0.35680473372781063
1 0.49718934911242607 0.3548323471400395 0.5035502958579882 0.3650887573964497
1 0.49940828402366866 0.4473372781065089 0.5057692307692307 0.45719921104536493
1 0.4208579881656805 0.4546351084812623 0.4281065088757397 0.46272189349112425
1 0.35 0.44556213017751484 0.35665680473372785 0.4538461538461539
1 0.2711538461538462 0.46568047337278107 0.278698224852071 0.4729783037475346
1 0.5780575539568344 0.3539568345323741 0.5839928057553956 0.3633093525179856
1 0.6451438848920863 0.3501199040767386 0.6508992805755395 0.35635491606714625
1 0.5726618705035971 0.44436450839328534 0.579136690647482 0.4549160671462829
1 0.5026978417266187 0.5539568345323741 0.5098920863309352 0.5649880095923261
1 0.4242805755395683 0.5570743405275779 0.43291366906474815 0.5642685851318944
1 0.27701388888888884 0.5542592592592592 0.2854166666666667 0.5636111111111111
1 0.2786111111111111 0.5623148148148148 0.2840972222222222 0.5718518518518518
1 0.3507638888888889 0.5489814814814814 0.35791666666666666 0.5594444444444444
1 0.573905109489051 0.5448905109489051 0.581478102189781 0.5531630170316301
1 0.5743613138686131 0.5564476885644769 0.580383211678832 0.5673965936739659
1 0.6537408759124087 0.5493917274939173 0.6610401459854014 0.5605839416058394
1 0.6438868613138685 0.5598540145985401 0.6510948905109488 0.5706812652068126
1 0.2745454545454545 0.6577777777777778 0.28227272727272723 0.6684848484848485
1 0.3468181818181818 0.6517171717171717 0.35348484848484846 0.6622222222222222
1 0.34818181818181815 0.6644444444444444 0.3554545454545454 0.67010101010101
1 0.4240909090909091 0.6464646464646464 0.43166666666666664 0.654949494949495
1 0.4207575757575758 0.6535353535353535 0.4283333333333333 0.6636363636363636
1 0.5006060606060606 0.6482828282828282 0.5081818181818182 0.6571717171717171
1 0.5674242424242424 0.6616161616161615 0.5762121212121212 0.6721212121212121
1 0.5756060606060605 0.6428282828282827 0.5818181818181818 0.6509090909090909
1 0.6434848484848484 0.6406060606060606 0.6489393939393939 0.6494949494949495
1 0.6475757575757575 0.6529292929292928 0.6554545454545454 0.6632323232323232
1 0.27604895104895105 0.7529137529137528 0.2847902097902098 0.762004662004662
1 0.3449300699300699 0.7510489510489511 0.3534965034965035 0.7601398601398602
1 0.3487762237762238 0.7594405594405595 0.3557692307692308 0.7703962703962703
1 0.42412587412587416 0.7545454545454545 0.43111888111888114 0.7655011655011655
1 0.5038461538461538 0.7501165501165501 0.5101398601398601 0.7601398601398602
1 0.4993006993006993 0.7627039627039628 0.5068181818181818 0.7736596736596737
1 0.5729020979020979 0.7538461538461538 0.579020979020979 0.7615384615384616
1 0.6576923076923077 0.741958041958042 0.6650349650349651 0.7517482517482518
1 0.3446666666666667 0.8657777777777779 0.351 0.8737777777777779
1 0.42583333333333334 0.8497777777777779 0.4315 0.8562222222222222
1 0.4293333333333333 0.8626666666666667 0.436 0.8733333333333333
1 0.5025 0.8573333333333333 0.5081666666666667 0.8684444444444445
1 0.5796666666666667 0.8484444444444444 0.5875 0.8571111111111112
1 0.651 0.8473333333333334 0.6586666666666666 0.858
1 0.2746794871794872 0.9568376068376068 0.2830128205128205 0.9670940170940171
1 0.3564102564102564 0.9508547008547008 0.3625 0.9606837606837606
1 0.42916666666666664 0.9555555555555555 0.4378205128205128 0.9653846153846154
1 0.5051282051282051 0.9559829059829059 0.5102564102564102 0.9675213675213675
1 0.5782051282051281 0.9474358974358975 0.5830128205128204 0.9568376068376068
1 0.65 0.9465811965811967 0.6564102564102563 0.9564102564102563
1 0.6548076923076923 0.9410256410256409 0.6599358974358974 0.9487179487179487
