0 0.216 0.312 0.7088499034749035 0.9996666666666667
1 0.5724137931034483 0.7804597701149425 0.578735632183908 0.789463601532567
1 0.2756880733944954 0.8873598369011214 0.2836391437308869 0.8968399592252804
1 0.27737003058103976 0.8944954128440368 0.28318042813455657 0.9042813455657492
1 0.3500764525993884 0.8815494393476045 0.35741590214067276 0.891946992864424
1 0.42377675840978596 0.8900101936799184 0.4317278287461774 0.8976554536187564
1 0.5032874617737003 0.8899082568807339 0.5090978593272171 0.8998980632008154
1 0.5738532110091743 0.8943934760448522 0.5803516819571866 0.9051987767584098
1 0.5744648318042813 0.8833843017329256 0.581039755351682 0.8916411824668706
1 0.6436544342507645 0.8959225280326198 0.6506880733944954 0.9075433231396534
1 0.6535932721712538 0.8868501529051989 0.6606269113149846 0.8977573904179409
1 0.27406914893617024 0.9914893617021275 0.2815159574468085 0.999468085106383
1 0.3454787234042553 0.9843971631205672 0.35159574468085103 0.9953900709219857
1 0.42353723404255317 0.979609929078014 0.43111702127659574 0.9881205673758865
1 0.42007978723404255 0.9870567375886524 0.4248670212765957 0.9962765957446807
1 0.49999999999999994 0.9861702127659573 0.507313829787234 0.9925531914893616
1 0.5735372340425531 0.9852836879432624 0.5811170212765957 0.9911347517730497
1 0.6433510638297872 0.9780141843971631 0.6506648936170212 0.9875886524822695
1 0.6461436170212765 0.9906028368794326 0.6546542553191489 0.9996453900709219
