0 0.21944444444444444 0.0012345679012345746 0.7112919912532458 0.9996666666666667
1 0.2732456140350877 0.9502923976608185 0.2824561403508771 0.9608187134502923
1 0.42719298245614035 0.9508771929824561 0.4359649122807017 0.95906432748538
1 0.5030701754385964 0.9538011695906431 0.5087719298245613 0.9637426900584795
1 0.5767543859649122 0.9450292397660818 0.5828947368421052 0.9549707602339181
1 0.6486220472440944 0.9451443569553806 0.6545275590551181 0.9553805774278216
1 0.651771653543307 0.9393700787401574 0.6594488188976378 0.9490813648293964
1 0.6486220472440944 0.8456692913385826 0.6566929133858267 0.8566929133858268
1 0.5791338582677165 0.847244094488189 0.5856299212598425 0.8561679790026246
1 0.5017716535433071 0.8540682414698163 0.5072834645669291 0.8650918635170605
1 0.42381889763779523 0.8490813648293963 0.43051181102362207 0.8532808398950131
1 0.4299212598425197 0.858267716535433 0.4352362204724409 0.8671916010498688
1 0.343503937007874 0.8632545931758531 0.3509842519685039 0.8698162729658793
1 0.2751968503937008 0.7477690288713912 0.2846456692913386 0.7572178477690289
1 0.34429133858267713 0.7488188976377952 0.3539370078740158 0.757742782152231
1 0.34783464566929134 0.758267716535433 0.35551181102362206 0.7671916010498688
1 0.4228346456692913 0.7506561679790026 0.4297244094488189 0.7593175853018372
1 0.49803149606299213 0.7590551181102363 0.5059055118110236 0.7695538057742781
1 0.5724409448818898 0.757742782152231 0.5785433070866142 0.7656167979002624
1 0.6570866141732283 0.7396325459317584 0.6647637795275589 0.7501312335958005
1 0.2751968503937008 0.6535433070866142 0.28307086614173227 0.6637795275590551
1 0.34685039370078735 0.6464566929133858 0.35334645669291337 0.6577427821522309
1 0.3488188976377953 0.6601049868766404 0.3562992125984252 0.6653543307086615
1 0.42559055118110234 0.6414698162729658 0.43287401574803147 0.6517060367454068
1 0.4208661417322834 0.6493438320209973 0.42578740157480316 0.6564304461942257
1 0.5 0.6485564304461943 0.506496062992126 0.6543307086614173
1 0.5677165354330708 0.6593175853018373 0.5744094488188977 0.668503937007874
1 0.5744094488188977 0.6461942257217848 0.5799212598425197 0.6509186351706037
1 0.6448818897637796 0.6398950131233596 0.6515748031496063 0.6477690288713911
1 0.6478346456692914 0.6519685039370079 0.6553149606299213 0.6624671916010498
1 0.6544871794871796 0.5475783475783476 0.661431623931624 0.5584045584045584
1 0.6446581196581197 0.5578347578347579 0.6513888888888889 0.5685185185185185
1 0.5751068376068377 0.546011396011396 0.5822649572649573 0.5537037037037038
1 0.575 0.5539886039886041 0.5826923076923077 0.5638176638176638
1 0.3511752136752137 0.5465811965811966 0.3583333333333334 0.5545584045584047
1 0.27745726495726497 0.5497150997150998 0.2855769230769231 0.5588319088319088
1 0.2794871794871795 0.5566951566951568 0.28504273504273503 0.5662393162393162
1 0.573625 0.44716666666666666 0.57925 0.4563333333333333
