0 0.22037037037037036 0.0024691358024691397 0.7115824874256973 0.9996666666666667
1 0.5727272727272728 0.44761904761904764 0.5792207792207793 0.4562770562770562
1 0.2772908366533864 0.5501992031872509 0.2855577689243028 0.5589641434262947
1 0.27958167330677286 0.5565737051792828 0.2850597609561753 0.5660026560424967
1 0.35109561752988044 0.5460823373173971 0.3584661354581673 0.5541832669322708
1 0.5749003984063744 0.5541832669322708 0.5827689243027888 0.5634794156706506
1 0.575199203187251 0.545683930942895 0.5821713147410358 0.5536520584329349
1 0.6542828685258963 0.547808764940239 0.6612549800796812 0.5583001328021248
1 0.6441235059760956 0.5568393094289508 0.651195219123506 0.5685258964143426
1 0.275 0.653639846743295 0.28304597701149425 0.6632183908045977
1 0.3466954022988506 0.6469348659003832 0.35301724137931034 0.6576628352490421
1 0.3491379310344827 0.6601532567049808 0.3560344827586207 0.6653256704980842
1 0.42485632183908045 0.6415708812260537 0.4320402298850575 0.6513409961685824
1 0.4206896551724138 0.6490421455938697 0.42571839080459767 0.6557471264367817
1 0.5 0.6492337164750959 0.5067528735632184 0.6547892720306513
1 0.567528735632184 0.6588122605363984 0.5747126436781609 0.6689655172413793
1 0.5739942528735632 0.6463601532567049 0.5795977011494252 0.6507662835249042
1 0.644971264367816 0.6396551724137931 0.6518678160919541 0.6480842911877395
1 0.6469827586206897 0.6522988505747126 0.6551724137931035 0.6622605363984675
1 0.2753658536585366 0.748130081300813 0.28414634146341466 0.7572357723577237
1 0.34451219512195125 0.7489430894308944 0.3532926829268293 0.7572357723577237
1 0.3485365853658537 0.758048780487805 0.35500000000000004 0.7669918699186992
1 0.4231707317073171 0.7507317073170733 0.42951219512195127 0.7593495934959351
1 0.49792682926829274 0.7588617886178863 0.5054878048780489 0.7691056910569106
1 0.5721951219512196 0.7572357723577237 0.5784146341463415 0.7653658536585367
1 0.6571951219512195 0.7404878048780488 0.6647560975609758 0.7500813008130082
1 0.6485555555555556 0.845925925925926 0.6564444444444445 0.8570370370370372
1 0.5785555555555555 0.8468148148148148 0.586 0.8564444444444445
1 0.5023333333333333 0.8545185185185186 0.5071111111111111 0.8647407407407407
1 0.4236652977412731 0.8501711156741958 0.43018480492813144 0.8531143052703628
1 0.43028747433264886 0.858590006844627 0.4356262833675565 0.866735112936345
1 0.344022869022869 0.8634095634095633 0.35067567567567565 0.8694386694386694
1 0.2733455882352941 0.9506535947712419 0.28229166666666666 0.9609477124183007
1 0.4269791666666667 0.9508333333333333 0.43552083333333336 0.9586111111111112
1 0.5028125 0.9527777777777778 0.50875 0.963888888888889
1 0.5764583333333334 0.9444444444444445 0.5829166666666667 0.95375
1 0.6483333333333333 0.945138888888889 0.6552083333333334 0.9558333333333333
1 0.6510416666666667 0.9384722222222224 0.6594791666666667 0.94875
