0 0.29374999999999996 0.6595238095238095 0.7428571428571429 0.9035714285714285
1 0.34462616822429903 0.7096573208722741 0.3523364485981308 0.716822429906542
1 0.40607476635514017 0.6922118380062305 0.4128504672897196 0.7015576323987539
1 0.40794392523364487 0.6993769470404984 0.41518691588785045 0.7065420560747663
1 0.3422897196261682 0.7295950155763239 0.3495327102803738 0.7383177570093458
1 0.4829439252336448 0.6875389408099688 0.48948598130841114 0.6978193146417445
1 0.539018691588785 0.6887850467289719 0.5462616822429907 0.6981308411214953
1 0.6123831775700934 0.7202492211838005 0.6203271028037383 0.7286604361370715
1 0.3397196261682243 0.8068535825545171 0.34649532710280373 0.8161993769470405
1 0.4053738317757009 0.7791277258566978 0.41191588785046723 0.7875389408099688
1 0.4771028037383177 0.8102803738317758 0.4829439252336448 0.819626168224299
1 0.480607476635514 0.7732087227414329 0.4892523364485981 0.7813084112149533
1 0.5408878504672897 0.7794392523364486 0.547196261682243 0.7897196261682243
1 0.5450805008944544 0.774597495527728 0.5529069767441861 0.7812164579606441
1 0.6121428571428571 0.8063492063492064 0.6176190476190476 0.8152380952380952
1 0.6153968253968254 0.7870899470899472 0.6202380952380953 0.7968253968253968
1 0.6792662116040955 0.806712172923777 0.6871160409556313 0.8160409556313992
1 0.6899317406143345 0.7872582480091013 0.6974402730375426 0.7948805460750853
1 0.40348101265822783 0.8780590717299577 0.4110759493670886 0.8867088607594936
1 0.40996835443037977 0.8645569620253164 0.4175632911392405 0.869409282700422
1 0.47800632911392404 0.8632911392405063 0.4854430379746835 0.871308016877637
1 0.47958860759493666 0.8748945147679323 0.48813291139240506 0.8845991561181434
1 0.5455696202531646 0.8748945147679323 0.5522151898734177 0.8839662447257383
1 0.5501582278481012 0.8649789029535864 0.5568037974683544 0.8732067510548522
1 0.6132911392405063 0.8637130801687762 0.6208860759493671 0.8729957805907173
1 0.6213607594936709 0.8660337552742615 0.627373417721519 0.8755274261603375
1 0.6810126582278481 0.8645569620253164 0.6879746835443037 0.8691983122362869
1 0.6871835443037975 0.8772151898734176 0.694620253164557 0.8854430379746835
