0 0.29128787878787876 0.4141414141414141 0.7412878787878787 0.903030303030303
1 0.3438144329896907 0.4697594501718213 0.35154639175257735 0.47766323024054985
1 0.34123711340206186 0.4896907216494846 0.3481958762886598 0.4986254295532646
1 0.4046875 0.4522569444444445 0.4115885416666667 0.46041666666666664
1 0.4069010416666667 0.4583333333333333 0.4140625 0.4661458333333333
1 0.48151041666666666 0.44722222222222224 0.4881510416666667 0.4564236111111112
1 0.5376302083333334 0.446875 0.5444010416666667 0.45625
1 0.6109375 0.4796875 0.6190104166666668 0.48854166666666665
1 0.33870192307692304 0.5672008547008547 0.3447916666666666 0.5762820512820512
1 0.4029647435897436 0.5351495726495726 0.41057692307692306 0.5401709401709401
1 0.4042467948717949 0.538568376068376 0.41057692307692306 0.547008547008547
1 0.4755608974358974 0.5708333333333333 0.4825320512820513 0.5792735042735042
1 0.47996794871794873 0.5316239316239316 0.4874198717948718 0.5383547008547008
1 0.5399839743589744 0.5381410256410256 0.5463141025641025 0.5476495726495726
1 0.5446314102564103 0.5332264957264957 0.5517628205128204 0.5397435897435897
1 0.6147435897435897 0.5448717948717948 0.6192307692307691 0.5544871794871794
1 0.6098557692307691 0.564957264957265 0.6165865384615384 0.5739316239316239
1 0.678125 0.5658119658119658 0.6860576923076923 0.5746794871794871
1 0.6886217948717948 0.5461538461538461 0.6963942307692307 0.5534188034188033
1 0.34543478260869565 0.6633816425120772 0.3522463768115942 0.6715942028985507
1 0.4023188405797101 0.6370048309178743 0.4094927536231884 0.6453140096618357
1 0.4082608695652174 0.6233816425120773 0.4164492753623188 0.6275362318840579
1 0.47695652173913045 0.6215458937198067 0.48442028985507246 0.6301449275362319
1 0.4795652173913043 0.6277294685990338 0.48528985507246375 0.6352657004830917
1 0.47840579710144926 0.6339130434782608 0.4863768115942029 0.6428985507246376
1 0.5441304347826086 0.6329468599033816 0.5508695652173913 0.6419323671497584
1 0.5489130434782609 0.6223188405797101 0.5563043478260868 0.6308212560386474
1 0.6115942028985507 0.6220289855072464 0.6192753623188405 0.6304347826086956
1 0.6200724637681159 0.6231884057971014 0.6263768115942029 0.6329468599033816
1 0.6727536231884057 0.6621256038647343 0.6798550724637681 0.672463768115942
1 0.6857971014492754 0.636231884057971 0.6928260869565217 0.6437681159420289
1 0.6795652173913043 0.6223188405797101 0.6864492753623188 0.6264734299516908
1 0.345 0.7239455782312926 0.3525510204081633 0.7325170068027209
1 0.34428571428571425 0.7457142857142857 0.3510204081632653 0.754829931972789
1 0.4005102040816326 0.7374149659863946 0.408469387755102 0.7459863945578231
1 0.4111224489795918 0.7450340136054421 0.418265306122449 0.7504761904761904
1 0.4814285714285714 0.7126530612244898 0.48795918367346935 0.7201360544217686
1 0.5459183673469387 0.713469387755102 0.551530612244898 0.7229931972789115
1 0.5501020408163265 0.7178231292517006 0.5566326530612244 0.7266666666666667
1 0.6213265306122449 0.7163265306122448 0.6288775510204081 0.7234013605442177
1 0.6213265306122449 0.7410884353741496 0.6279591836734694 0.7499319727891156
1 0.6824489795918366 0.7523809523809523 0.6894897959183673 0.7610884353741496
1 0.3418243243243243 0.8177477477477478 0.34905405405405404 0.8246846846846846
1 0.3433108108108108 0.8256756756756757 0.35155405405405404 0.8331531531531531
1 0.4110135135135135 0.8170270270270269 0.416554054054054 0.8265765765765766
1 0.4155405405405405 0.8224324324324324 0.42317567567567566 0.8314414414414414
1 0.4812711864406779 0.8159887005649717 0.48843220338983045 0.8253107344632767
1 0.48406779661016947 0.8140677966101695 0.4913559322033898 0.81909604519774
1 0.5480508474576271 0.8108474576271186 0.555635593220339 0.8203389830508474
1 0.6144459102902374 0.8162708883025506 0.6217018469656993 0.8254177660510115
1 0.6773746701846965 0.8271767810026386 0.6853562005277044 0.8357080035180299
1 0.6865435356200528 0.8076517150395779 0.6936015831134565 0.81688654353562
1 0.693552036199095 0.8363499245852187 0.7006787330316743 0.8458521870286577
