0 0.292578125 0.2625 0.741015625 0.9041666666666667
1 0.3431632653061224 0.31755102040816324 0.35091836734693876 0.32476190476190475
1 0.34061224489795916 0.3372789115646258 0.34775510204081633 0.34557823129251697
1 0.4038775510204081 0.2980952380952381 0.41091836734693876 0.30802721088435375
1 0.40561224489795916 0.3050340136054422 0.41336734693877547 0.31387755102040815
1 0.48112244897959183 0.2930612244897959 0.4878571428571428 0.3034013605442177
1 0.5374489795918368 0.2933333333333333 0.5437755102040815 0.3031292517006802
1 0.6105102040816327 0.3266666666666666 0.618061224489796 0.33564625850340135
1 0.3381369426751592 0.4146496815286624 0.34442675159235664 0.4236730360934182
1 0.4022292993630573 0.3818471337579618 0.4101114649681529 0.3870488322717622
1 0.40326433121019106 0.38492569002123145 0.4099522292993631 0.39320594479830145
1 0.47492038216560506 0.41836518046709126 0.4820859872611465 0.4266454352441613
1 0.4792197452229299 0.37749469214437364 0.4867038216560509 0.3847133757961783
1 0.5394108280254777 0.38460721868365183 0.5452229299363057 0.3940552016985138
1 0.5432324840764331 0.3796178343949045 0.5500796178343949 0.38683651804670915
1 0.6129777070063694 0.3914012738853503 0.6179140127388535 0.4014861995753715
1 0.6093949044585987 0.4126326963906582 0.6160031847133758 0.4209129511677282
1 0.6772292993630573 0.4127388535031847 0.6852707006369426 0.42197452229299365
1 0.6878184713375796 0.3929936305732484 0.6956210191082802 0.4001061571125265
1 0.34461130742049473 0.5107184923439341 0.3513250883392226 0.519434628975265
1 0.40150176678445226 0.4839811542991755 0.40856890459363954 0.4919905771495877
1 0.4076855123674911 0.46984687868080094 0.41590106007067135 0.4751472320376914
1 0.47597173144876326 0.4680800942285041 0.4833922261484099 0.4760895170789164
1 0.4785335689045936 0.4755005889281507 0.48507067137809184 0.4813898704358068
1 0.47756183745583036 0.4800942285041225 0.4853356890459364 0.4886925795053004
1 0.5436395759717315 0.47985865724381627 0.5497349823321555 0.4884570082449941
1 0.548321554770318 0.4683156654888104 0.5554770318021202 0.4765606595995288
1 0.6108657243816255 0.4683156654888104 0.6185512367491166 0.4771495877502944
1 0.6195229681978799 0.4704358068315665 0.6254416961130742 0.4802120141342756
1 0.6718197879858657 0.5093050647820966 0.678886925795053 0.5189634864546525
1 0.6853356890459364 0.483510011778563 0.6923144876325089 0.4915194346289753
1 0.6785335689045936 0.46855123674911664 0.6858657243816254 0.4733804475853946
1 0.3440524193548387 0.5709677419354839 0.3519153225806452 0.5798387096774194
1 0.3434475806451613 0.593010752688172 0.35 0.6021505376344086
1 0.39979838709677423 0.5848118279569893 0.4074596774193548 0.592741935483871
1 0.4102822580645162 0.5923387096774193 0.4171370967741935 0.5973118279569892
1 0.48075 0.5594444444444444 0.4866666666666667 0.5666666666666667
1 0.5446666666666666 0.5597777777777777 0.5509166666666666 0.5703333333333334
1 0.5489166666666666 0.5643333333333334 0.5560833333333334 0.5734444444444444
1 0.6205833333333334 0.5628888888888889 0.6278333333333334 0.5714444444444444
1 0.62025 0.5878888888888889 0.6265 0.596
1 0.6819166666666666 0.5997777777777777 0.6888333333333334 0.6084444444444445
1 0.3408690176322418 0.6642317380352645 0.3482997481108312 0.6714525608732157
1 0.3419395465994962 0.6722921914357682 0.3508816120906801 0.6807724601175482
1 0.4102015113350126 0.6634760705289672 0.4153652392947103 0.6727959697732997
1 0.41454659949622163 0.669185558354324 0.4217254408060453 0.6783375314861461
1 0.4806675062972292 0.663056255247691 0.4879093198992443 0.6722921914357682
1 0.48299748110831237 0.6600335852225021 0.4906801007556675 0.6654911838790932
1 0.5476700251889168 0.6567590260285474 0.5545969773299748 0.6670025188916876
1 0.6136649874055415 0.6636439966414777 0.6208438287153653 0.6723761544920235
1 0.6858942065491184 0.6547439126784215 0.6927581863979849 0.6632241813602014
1 0.6761335012594458 0.6743912678421494 0.6843828715365239 0.6822837951301427
1 0.6913727959697733 0.6836272040302267 0.6986146095717883 0.6931150293870696
1 0.3379629629629629 0.7569135802469135 0.34648148148148145 0.765679012345679
1 0.34009259259259256 0.7828395061728394 0.3474074074074074 0.7924691358024691
1 0.41222222222222216 0.7513580246913579 0.42018518518518516 0.761111111111111
1 0.48222222222222216 0.7488888888888888 0.48962962962962964 0.7574074074074074
1 0.4769444444444444 0.7537037037037037 0.48388888888888887 0.7632098765432098
1 0.5504629629629629 0.7490123456790123 0.557037037037037 0.7582716049382716
1 0.6122222222222222 0.7838271604938271 0.6177777777777778 0.7927160493827159
1 0.6067592592592592 0.7819753086419752 0.6125925925925925 0.791111111111111
1 0.6882407407407406 0.7482716049382716 0.6950925925925925 0.76
1 0.3416666666666666 0.8379797979797978 0.34893939393939394 0.847070707070707
1 0.41318181818181815 0.8363636363636363 0.4192424242424242 0.8456565656565656
1 0.4807575757575757 0.8391919191919192 0.48666666666666664 0.8476767676767677
1 0.48242424242424237 0.8458585858585859 0.4892424242424242 0.8513131313131311
1 0.5481818181818181 0.8515151515151514 0.5559090909090909 0.8589898989898989
1 0.6198484848484848 0.8466666666666667 0.6286363636363637 0.8539393939393939
1 0.6222727272727272 0.8418181818181817 0.63 0.8503030303030302
1 0.6915151515151515 0.8456565656565656 0.6978787878787879 0.8535353535353535
1 0.6857575757575758 0.8468686868686869 0.692121212121212 0.8545454545454545
