0 0.2925 0.15444444444444444 0.7391666666666667 0.9033333333333334
1 0.3426535087719298 0.2087719298245614 0.35065789473684206 0.21622807017543857
1 0.34024122807017537 0.22777777777777775 0.3472587719298246 0.23684210526315788
1 0.40405701754385964 0.1891812865497076 0.41052631578947363 0.19809941520467836
1 0.4059210526315789 0.1957602339181286 0.41260964912280695 0.2036549707602339
1 0.4809016393442623 0.1837158469945355 0.4872950819672131 0.19333333333333333
1 0.3379629629629629 0.3052749719416386 0.34368686868686865 0.31492704826038154
1 0.402020202020202 0.2722783389450056 0.40909090909090906 0.2783389450056117
1 0.40319865319865317 0.2758698092031425 0.40917508417508414 0.28372615039281707
1 0.4787037037037037 0.2675645342312009 0.4861111111111111 0.2749719416386083
1 0.4747474747474747 0.3088664421997755 0.48148148148148145 0.3180695847362514
1 0.5388888888888888 0.2745230078563412 0.5446969696969697 0.2845117845117845
1 0.5432659932659932 0.26992143658810325 0.5492424242424242 0.2764309764309764
1 0.5372093023255814 0.18391472868217057 0.5433139534883721 0.1933139534883721
1 0.6105529595015576 0.21703011422637591 0.6175233644859813 0.22653167185877468
1 0.6125612745098039 0.28169934640522876 0.6170955882352941 0.2917483660130719
1 0.609313725490196 0.3031862745098039 0.6152573529411764 0.3116013071895425
1 0.6775122549019608 0.3034313725490196 0.6847426470588235 0.3118464052287582
1 0.6876225490196078 0.2838235294117647 0.6949142156862744 0.2902777777777778
1 0.34414357682619645 0.4011754827875735 0.35069269521410573 0.4101595298068849
1 0.4012594458438287 0.37447523089840473 0.40818639798488665 0.38186397984886644
1 0.4076196473551637 0.3596137699412258 0.4149244332493703 0.36490344248530643
1 0.47575566750629716 0.35768261964735515 0.482808564231738 0.36582703610411416
1 0.47833753148614605 0.3660789252728799 0.48438287153652393 0.3719563392107473
1 0.4777078085642317 0.37044500419815285 0.48482367758186395 0.37934508816120904
1 0.5432619647355164 0.36952141057934507 0.5495591939546599 0.37833753148614613
1 0.5477329974811084 0.35852225020990763 0.5544080604534005 0.3670025188916876
1 0.6108312342569269 0.35835432409739715 0.6179471032745592 0.3668345927791771
1 0.619080604534005 0.36011754827875736 0.625 0.37027707808564225
1 0.678162291169451 0.35902943516308666 0.684964200477327 0.3628480509148767
1 0.6850238663484487 0.37358790771678596 0.6915871121718375 0.3821797931583134
1 0.6715393794749402 0.39976133651551304 0.6786992840095464 0.4088305489260143
1 0.3441489361702127 0.46099290780141844 0.3507978723404255 0.46950354609929074
1 0.34281914893617016 0.4838652482269503 0.3492021276595744 0.49273049645390066
1 0.3993351063829787 0.47446808510638294 0.4070478723404255 0.48333333333333334
1 0.41010638297872337 0.4828014184397163 0.4168882978723404 0.48776595744680845
1 0.48005319148936165 0.44893617021276594 0.4863031914893617 0.4567375886524822
1 0.5441489361702128 0.45017730496453895 0.5509308510638298 0.46028368794326235
1 0.5485372340425531 0.45478723404255317 0.5558510638297872 0.4631205673758865
1 0.6205298013245033 0.4530905077262693 0.6271523178807947 0.46125827814569537
1 0.6197847682119205 0.4781456953642384 0.6256622516556292 0.4862030905077263
1 0.681651376146789 0.49072375127421 0.6883792048929664 0.4990825688073395
1 0.34074324324324323 0.5544144144144144 0.34777027027027024 0.5612612612612613
1 0.34162162162162163 0.5622522522522522 0.3501351351351351 0.5713513513513513
1 0.41006756756756757 0.5535135135135135 0.415 0.5631531531531532
1 0.4141891891891892 0.5596396396396396 0.4216216216216216 0.5686486486486486
1 0.48020270270270266 0.5530630630630631 0.4870945945945946 0.5621621621621622
1 0.4822972972972973 0.5497297297297298 0.49020270270270266 0.5556756756756757
1 0.5472297297297297 0.5466666666666666 0.5539864864864864 0.5569369369369369
1 0.6131756756756757 0.5533333333333333 0.6204054054054055 0.5621621621621622
1 0.6852027027027027 0.5447747747747748 0.6922297297297297 0.5535135135135135
1 0.6758108108108107 0.5643243243243243 0.6837162162162161 0.5730630630630631
1 0.6937837837837837 0.5733333333333334 0.6993918918918919 0.5822522522522522
1 0.338914373088685 0.6470948012232416 0.34610091743119265 0.6553516819571865
1 0.3401376146788991 0.674006116207951 0.3467889908256881 0.6829765545361876
1 0.4113914373088685 0.6408766564729867 0.41972477064220187 0.6512742099898063
1 0.47629969418960244 0.6435270132517839 0.48302752293577983 0.6530071355759429
1 0.48172782874617737 0.6386340468909276 0.488914373088685 0.6478083588175331
1 0.549617737003058 0.6386340468909276 0.5568807339449542 0.6484199796126402
1 0.606269113149847 0.671967380224261 0.6116207951070336 0.6808358817533129
1 0.6115443425076453 0.6739041794087666 0.617125382262997 0.682262996941896
1 0.6865443425076453 0.6382262996941895 0.693348623853211 0.6458715596330274
1 0.6879969418960246 0.6409785932721712 0.6939602446483181 0.6496432212028542
1 0.34125 0.7286111111111112 0.34875 0.7375925925925926
1 0.4125 0.7264814814814814 0.4189583333333333 0.7355555555555555
1 0.48013888888888884 0.7296296296296295 0.4861111111111111 0.7375
1 0.4817361111111111 0.7351851851851852 0.48777777777777775 0.7413888888888889
1 0.5469444444444445 0.741574074074074 0.555625 0.7492592592592593
1 0.6195833333333334 0.7369444444444445 0.628125 0.7437037037037036
1 0.621736111111111 0.7317592592592593 0.6289583333333334 0.7394444444444445
1 0.6850694444444445 0.736574074074074 0.6921527777777777 0.7442592592592593
1 0.6908333333333334 0.7354629629629629 0.6969444444444445 0.7437037037037036
1 0.33403061224489794 0.8376870748299319 0.33989795918367344 0.8444897959183673
1 0.40770408163265304 0.8382993197278911 0.41306122448979593 0.8472789115646259
1 0.41459183673469385 0.8213605442176871 0.42198979591836727 0.8289795918367346
1 0.48137755102040813 0.8240816326530612 0.4881632653061224 0.832108843537415
1 0.47928571428571426 0.8374149659863945 0.4850510204081633 0.8466666666666667
1 0.5516836734693877 0.8272789115646259 0.5581122448979592 0.8348979591836734
1 0.5480102040816327 0.8303401360544217 0.5550510204081632 0.8378911564625849
1 0.6119897959183673 0.8187755102040816 0.619030612244898 0.8280272108843537
1 0.6083163265306122 0.848843537414966 0.6139285714285714 0.8574829931972788
1 0.6829310344827585 0.8352490421455938 0.688103448275862 0.8450574712643677
1 0.687471264367816 0.8395402298850574 0.694655172413793 0.8490421455938696
