0 0.0034779425224236602 0.0005659309564232842 0.99945085118067 0.9977783804467758
1 0.12203307096223075 0.06665409042319059 0.13830414709052818 0.07713429331991867
1 0.28813363977193374 0.06120438491689199 0.3071165619216141 0.07210379592948919
1 0.4216920563250418 0.06288121738036848 0.4359292479373021 0.07168458781362007
1 0.5816909715866332 0.05030497390429479 0.597284086209585 0.059946760569284614
1 0.5776232025545589 0.06246200926449936 0.5952502016935478 0.07210379592948919
1 0.7159273496450872 0.05198180636777128 0.7281306567413102 0.06120438491689199
1 0.7227069646985443 0.05701230375820075 0.7416898868482247 0.06581567419145234
1 0.8616890732944184 0.05114339013603303 0.87728218791737 0.06288121738036848
1 0.8705025728639126 0.057431511874069884 0.8874516104975558 0.06581567419145234
1 0.11525345590877349 0.14965729736527697 0.13491433956379956 0.15929908403026682
1 0.11050772537135341 0.15762225156679033 0.12881268601568802 0.16726403823178015
1 0.25998164383666855 0.1476961069490781 0.2776465708920404 0.15790660951951277
1 0.27572647012515217 0.14864592114167666 0.2887831553399922 0.15743170242321347
1 0.41435774549448356 0.15410735274911846 0.42895051132283424 0.16455530886770275
1 0.5652776657718996 0.1493582817861256 0.582558572673894 0.15956878435656027
1 0.721573868196603 0.15505716694171703 0.7357826138715761 0.16621748370475029
1 0.8540608211118921 0.15078300307502346 0.8709577078605086 0.1609935056454581
1 0.8797901713881945 0.14223467534163628 0.8951509775233005 0.15292008500837023
1 0.13232149742367413 0.2501174005707474 0.14663441877855282 0.25860636491709715
1 0.2728218070501361 0.24361521511396889 0.28713472840501475 0.25174294693494204
1 0.4112774136259011 0.24000288986020302 0.42675873672403514 0.25029801683343567
1 0.5751457581174712 0.24433768016472204 0.5903349807797913 0.2528266445110718
1 0.7071751551053314 0.24090597117364448 0.7223643777676516 0.250478633096124
1 0.879514412235503 0.24939493551999423 0.8949957353336371 0.25806451612903225
1 0.10995388654434939 0.3348722003860734 0.12349454236344624 0.3451054724748238
1 0.2543875486147157 0.3344070516547666 0.2709372390602785 0.34277972881828966
1 0.41461864247402824 0.33998883643044864 0.42515026366665915 0.3511524059818127
1 0.5725929603634914 0.3437100262809033 0.5816200642428894 0.35533874456357417
1 0.7158235617146365 0.3373114950564266 0.730763639887586 0.34530110855887347
1 0.8603789126853377 0.3398082492759412 0.8757227767548535 0.34854688904424247
1 0.10026245034482269 0.42944237426410603 0.11809195746592784 0.44002601812449005
1 0.27142571870743204 0.42679646329900994 0.2906815863982256 0.4387030626419421
1 0.4026508911187659 0.43252927039005135 0.4211935785247153 0.4431129142504355
1 0.5709614383419984 0.4312063149075034 0.5873645848934151 0.4413489736070381
1 0.7314270024319447 0.43164730006835267 0.7456906081288289 0.4409079884461887
1 0.8890398453825141 0.4303243445858047 0.9047298116490867 0.44002601812449005
1 0.8697839776917206 0.5295460057769056 0.8876134848128258 0.5388066941547417
1 0.7250083798683469 0.5286640354552069 0.7414115264197636 0.5383657089938924
1 0.5638296354935564 0.5269000948118095 0.5816591426146615 0.5361607831896457
1 0.41834085738533844 0.5264591096509602 0.43403082365191104 0.535278812867947
1 0.4104958742520522 0.5216082728816175 0.4268990208034689 0.5321919167420016
1 0.2628675552893016 0.5216082728816175 0.27927070184071834 0.5313099464203029
1 0.12094467860530465 0.5251361541684122 0.13877418572640982 0.5348378277070976
1 0.10382835176904372 0.6230348598769652 0.12308421945983727 0.6287676669680065
1 0.27499162013165307 0.6186250082684718 0.2913947666830698 0.6278856966463078
1 0.40692997282783117 0.6212709192335678 0.42404629966409213 0.6300906224505545
1 0.4076431531126754 0.6296496372897051 0.4233331193792479 0.6389103256675412
1 0.5652559960632447 0.621711904394417 0.5816591426146615 0.6305316076114038
1 0.7371324447106984 0.6168610676250744 0.7521092306924267 0.6274447114854586
1 0.8762026002553186 0.6146561418208277 0.88832666509767 0.6261217560029104
1 0.11024697433264158 0.7152007584944767 0.1259369405992141 0.7253434171940115
1 0.27285207927712046 0.707704010760038 0.28711568497400464 0.7174056842987233
1 0.4247594799489363 0.7138778030119286 0.44116262650035304 0.7244614468723127
1 0.562403274923868 0.7178466694595728 0.5780932411904405 0.7266663726765595
1 0.7235820192986585 0.7200515952638195 0.7349929038561658 0.7306352391242036
1 0.7193029375895933 0.7235794765506142 0.7349929038561658 0.7332811500892995
1 0.8704971579765649 0.7138778030119286 0.8861871242431373 0.7253434171940115
1 0.11238651518717419 0.8108945383987829 0.1266501208840583 0.8205962119374685
1 0.12237103917499308 0.813540449363879 0.1380610054415656 0.8232421229025644
1 0.25644893272570374 0.8038387758251935 0.27142571870743204 0.8126584790421802
1 0.42048039823987104 0.8095715829162349 0.4347440039367552 0.8179503009723723
1 0.5780932411904405 0.8051617313077416 0.5959227483115457 0.816186360328975
1 0.5788064214752847 0.8153043900072764 0.5930700271721688 0.8250060635459617
1 0.7160330059835825 0.8184684585363703 0.7331493328198435 0.829934072718453
1 0.8722194883644637 0.8118536811236302 0.8889792250583024 0.8217758472427403
1 0.11503720956655117 0.9036356185235057 0.12781912174061238 0.9156372577717933
1 0.2613190933363631 0.9045137872489902 0.2783616429017781 0.9138809203208245
1 0.411388210342934 0.8992447748960833 0.4289041640629438 0.9089046308764125
1 0.5617003414821968 0.9006108151357258 0.571168424574094 0.9105633940245498
1 0.5680123968767951 0.9072458677282751 0.5841081381330202 0.9166130008001093
1 0.7210797401957999 0.8972932888394511 0.7346506592941859 0.9058798274886325
1 0.7188705208076906 0.9129051772925082 0.730863426057427 0.9234432019983217
1 0.8757250973634544 0.9072458677282751 0.8915052358499498 0.9156372577717933
1 0.8732002752056152 0.9131003258981715 0.8883492081526507 0.9216868645473528
1 0.10409689157629849 0.9890016604787402 0.12549559172293942 0.999660441426146
1 0.26069482412151274 0.9936659266031083 0.27890889999621477 0.999660441426146
1 0.7335059229622657 0.9949719211179313 0.7489625125856275 0.999660441426146
