0 0.0018007202881152825 0.0007816045585195628 0.9994397759103641 0.9994939776037657
1 0.12811326080819924 0.047201175514492814 0.14353028032918594 0.05718867062335651
1 0.12073046272772675 0.05623096561291752 0.13788461120882461 0.06457668070388581
1 0.2733806700974964 0.04638028550554511 0.2892319718585108 0.05746230062633907
1 0.28792912513842744 0.04788525052194923 0.30291186241938634 0.05800956063230421
1 0.43037369986754387 0.05376829558607442 0.4438364493084055 0.06430305070090325
1 0.5823724838772718 0.050347920548792335 0.6019151846785226 0.06033541565765602
1 0.7430569126875556 0.05664141061739138 0.7565196621284173 0.0679970557411679
1 0.14082086735403382 0.15133194643675227 0.15552178318135765 0.16159598250607707
1 0.2836581441087073 0.14569924371578136 0.297961737886644 0.15471156806933484
1 0.42589943778930006 0.1424447932547759 0.4407990146413175 0.15358502752514064
1 0.592774698531895 0.1487033518336325 0.6072769533345252 0.15746533384403172
1 0.7274668732741324 0.14632509957366702 0.7421677891014562 0.15558776627037474
1 0.9065444359562006 0.04459882980885457 0.9205500381970969 0.05476045310143444
1 0.8798064680417621 0.05235375284792868 0.8950853068500128 0.06358502069762223
1 0.9023003140650199 0.15584186374867637 0.9188523894406246 0.165201253623421
1 0.11558607182710487 0.24071555046648244 0.12788367379472118 0.25018581813068397
1 0.26361276217804197 0.2398546170424641 0.28137596502015444 0.24875092909065344
1 0.42712532167338485 0.24702906224261678 0.43577918972467033 0.25908213017887327
1 0.5879050807314796 0.2516207071707145 0.5961034820432239 0.2639607529149771
1 0.7327435039056275 0.24588115101059235 0.7486848397895745 0.2547774630587817
1 0.8839584614333539 0.24961186251467177 0.897166996880053 0.25965608579488547
1 0.10337326419929675 0.33927646055981553 0.12065677334763694 0.3490398119428318
1 0.28008224566422313 0.33721113622879284 0.2958757971273616 0.3486642984281004
1 0.41388044579533945 0.34359486597922656 0.4296739972584779 0.35392148763433995
1 0.5843316049824185 0.34378262273659227 0.5995291733714763 0.35317046060487717
1 0.747332975743489 0.34415813625132363 0.7631265272066273 0.35373373087697424
1 0.9082484057452768 0.3443458930086894 0.923743965671375 0.35486027142116844
1 0.12436388167832578 0.4383638604849723 0.13961605584642234 0.44871309159254336
1 0.2698461583586314 0.43485251421633214 0.2848050214850338 0.4448321299272042
1 0.4285274319151744 0.4409511682618651 0.4431929839998826 0.44963713008429074
1 0.4182615454558786 0.4355917450097301 0.43586020795752856 0.4463105915140001
1 0.5760628858873392 0.4429840529437094 0.5907284379720474 0.452039630162834
1 0.7400237581943772 0.4461257838156506 0.7561558654875562 0.45536616873312474
1 0.8866792790414595 0.4474194377040969 0.9045712525848035 0.458138284208367
1 0.10536113179448997 0.5384103267547484 0.12521717547778607 0.5460061570907075
1 0.27981065844059144 0.534835818361356 0.29541183562032414 0.5442189028940113
1 0.4131298088855796 0.5388571403039225 0.43085841931709395 0.548687038385752
1 0.5748147360209908 0.5406443945006189 0.5904159132007233 0.5500274790332742
1 0.7521008403361344 0.5361762590088782 0.7634471510123036 0.5473465977382298
1 0.8918022905364678 0.5343890048121819 0.9038577456298975 0.5473465977382298
1 0.8832925575293409 0.6380497482205649 0.8996028791263341 0.6505605275974389
1 0.7343722299046201 0.6438583243598278 0.747845973832571 0.6550286630891795
1 0.729408218983796 0.6469860192040463 0.7443002517462681 0.6577095443842239
1 0.5691415806829062 0.6402838159664354 0.5847427578626387 0.6505605275974389
1 0.4280218416480517 0.6349220533763466 0.44787788533134776 0.6469860192040463
1 0.275555791937028 0.6277730365895615 0.2890295358649789 0.6393901888680872
1 0.10465198737722942 0.6353688669255206 0.12592631989504666 0.6460923921056982
1 0.10861267583956662 0.7352513353219319 0.12308000123126177 0.7443668227289829
1 0.12000184689260322 0.737384747268263 0.1329300951149691 0.7472760208376164
1 0.2569797149629083 0.7278813667800608 0.27052359405300586 0.7379665868899896
1 0.42504694185366454 0.7346694957002051 0.4382830055098963 0.7441728761884074
1 0.5838797057284453 0.7435910365666808 0.5983470311201403 0.7529004705143074
1 0.5841875211623111 0.7325360837538741 0.6005017391572013 0.7424273573232274
1 0.7245513590051406 0.7468881277564652 0.7408655770000309 0.7581370271098475
1 0.8846153846153846 0.7406818384580474 0.9003139717425432 0.7501852189462497
1 0.11002178649237472 0.8310193356081108 0.12122626828509181 0.8423932227320862
1 0.2594148770619359 0.8325881476252108 0.275599128540305 0.8423932227320862
1 0.4131652661064425 0.8290583205867357 0.42934951758481166 0.8384711926893361
1 0.5656707127295363 0.8294505235910108 0.5768751945222533 0.8408244107149861
1 0.5718954248366013 0.837294583676511 0.5874572051042639 0.8463152527748363
1 0.10317460317460317 0.9235792446170138 0.11873638344226581 0.9341687257324391
1 0.09757236227824463 0.9192650115699886 0.11500155617802676 0.9278934776640388
1 0.25692499221910986 0.9247558536298388 0.2762215997510115 0.9349531317409892
1 0.4299719887955181 0.9388751617837393 0.4480236539060068 0.9498568459034396
1 0.5718954248366013 0.931423304702514 0.5880796763149704 0.9431893948307645
1 0.7279517867753161 0.8287606028516723 0.7422120363296834 0.8373177593085818
1 0.7252355487649605 0.844377413385532 0.7364400305576776 0.8548599300452459
1 0.8861726508785331 0.8396709773342318 0.9031491384432561 0.8482281337911411
1 0.8817587641117052 0.845874915765491 0.8980561921738393 0.8548599300452459
1 0.7401129943502825 0.9307585538478107 0.7557802782129801 0.9386857077901488
1 0.8694867777619522 0.933749932693976 0.8851540616246498 0.9419762245209307
1 0.8656886483406921 0.9361430357709082 0.8832549969140199 0.945416310194021
