0 0.17105263157894737 0.04427083333333333 0.8228557504873295 0.9682931286549707
1 0.26670399402762224 0.10046309257185515 0.2754525942515864 0.10950331280328479
1 0.2620380739081747 0.10527482269503545 0.2713699141470698 0.112711132885405
1 0.3460246360582307 0.10717035274356103 0.35613412965036706 0.11606476297125792
1 0.44342571855169843 0.09463069242254572 0.45509051885031726 0.10352510265024263
1 0.5431597611048898 0.09813013251213137 0.5538524947119572 0.10483739268383725
1 0.5410212143834765 0.10148376259798432 0.5491865745925096 0.11081560283687943
1 0.635311683463979 0.09754689249720044 0.6426993903197711 0.10556644270250093
1 0.6489206171457012 0.0985675625233296 0.6586412840612169 0.10658711272863008
1 0.6187865497076024 0.15849547405748413 0.6285072166231181 0.167389884285181
1 0.6257854298867737 0.16228653415453528 0.6376446435237029 0.16899379432624115
1 0.5307173074530297 0.1635988241881299 0.5365497076023392 0.17190999440089583
1 0.5334390941893741 0.1656401642403882 0.5408268010451661 0.17132675438596492
1 0.4442326610919823 0.16688955156583046 0.456017379898344 0.17495952205279555
1 0.3316144461259646 0.16202146740653553 0.34083945219812045 0.16920295947536573
1 0.33301571287110215 0.16508673841152402 0.3434084412308727 0.17235580965192535
1 0.25417018953005005 0.1655470566476432 0.2650690481223138 0.17289552948636652
1 0.24657401535968437 0.16934514373282603 0.2574728739519481 0.17611564679771718
1 0.25054114495509394 0.24132112617945675 0.25921142324112945 0.24832835539769663
1 0.2424688168956816 0.2393591019983496 0.25203602052165175 0.24608604204785986
1 0.3592320914361102 0.24540234806104194 0.36747757861754893 0.2512296875594626
1 0.4327783745076978 0.2353875760830648 0.4436686955483947 0.2416532402434658
1 0.4457577256048618 0.24623484262125903 0.4562388917555326 0.25208010835913314
1 0.543671525627795 0.23971770725834193 0.5522714568283453 0.24791451668386652
1 0.6393457602339181 0.23326775885792914 0.6470498652677446 0.24085988562091504
1 0.6415853256507281 0.24253955968352253 0.6500956742346061 0.24972856467148263
1 0.7466657350074533 0.24542859907120745 0.7562510749914001 0.2532894736842105
1 0.7278089176008613 0.24700543099626324 0.7345382861485845 0.25512025777439995
1 0.7343968653792331 0.16611565910999163 0.7438795351098147 0.17391814706792172
1 0.7354095776805574 0.1712943015599452 0.7461811539764609 0.1777158181978877
1 0.7234252752680976 0.10217983651226158 0.7305957901110633 0.11039605143649314
1 0.732687190273595 0.1038230794971079 0.7417499243112322 0.10987320139586022
1 0.24618767627515656 0.3032530235670921 0.2561467246681645 0.31049823127300535
1 0.24768153353410774 0.3329807830202209 0.2581385343467661 0.3391802906448683
1 0.3426908552034036 0.30751051675510305 0.3533470369839221 0.3160255031311248
1 0.3442843029462849 0.31677243176060044 0.3548408942428733 0.323121325111143
1 0.530078211490121 0.30848034618841086 0.5391138853071804 0.3144634274997069
1 0.5387068729730786 0.31574551635212755 0.5453818752523477 0.32392646426757316
1 0.6254701093133305 0.2992026222800818 0.6359313330440354 0.3074359928088773
1 0.7449524940617577 0.3113019335750302 0.7545022988984733 0.3177480518398133
1 0.7353158728174355 0.3161853565028962 0.7445184120237252 0.3235430470475476
1 0.23915362731152204 0.38738738738738737 0.2475501817607081 0.39272166903745853
1 0.34425873241662713 0.3850906827880512 0.352754069859333 0.3922030583214794
1 0.35374189979453136 0.3987968231389284 0.36401533112059425 0.4046497155049787
1 0.44590643274853803 0.3857574679943101 0.45479690216532315 0.39272166903745853
1 0.4496601865022917 0.39738916548127073 0.4590445708866761 0.40324205784732103
1 0.5496285759443654 0.3934625414888573 0.559506875296349 0.3997599573257468
1 0.5454796902165323 0.3910917496443812 0.5554567725620356 0.39509246088193456
1 0.6296428006954323 0.3770151730678047 0.6385332701122174 0.38353485064011383
1 0.6362612612612613 0.39901908487434806 0.647226173541963 0.40672415836889525
1 0.7425679618424224 0.38347461658484605 0.7531126714109933 0.3905506716900711
1 0.736145995864571 0.3859720477984549 0.7442329159848283 0.3942373558625414
1 0.24695748379958904 0.47443990042674256 0.25772483009325114 0.4817745376955903
1 0.3504594820384294 0.4758771929824561 0.35923141186299085 0.4833959899749373
1 0.2468671679197995 0.519266917293233 0.25584795321637427 0.5267857142857143
1 0.243734335839599 0.5424498746867168 0.25396825396825395 0.5488721804511278
1 0.3494728199809869 0.5458149684556218 0.35973554576095407 0.5540521562527007
1 0.4427375911041972 0.5439244663382593 0.45173998213925615 0.5512164030766571
1 0.4504796473943479 0.54784050643851 0.4603822775329127 0.5549974073113818
1 0.44885921700803727 0.4681693457782386 0.4585817993259009 0.4728956010716446
1 0.44723878662172667 0.47411092386137754 0.45570103419468205 0.4807276812721458
1 0.5423040359519488 0.4637131622158845 0.553647048656123 0.46978977616454926
1 0.6460973034437948 0.46760020711500977 0.6576713775178687 0.47308266325536064
1 0.6499553281351527 0.4727019371345029 0.6604126055880442 0.47886970029239767
1 0.7408219623131904 0.4687423854775829 0.7496548083170889 0.4741486963937622
1 0.7489441195581545 0.4687423854775829 0.7575739116309291 0.4754431652046784
1 0.6348868273802011 0.5199429272371576 0.6431696747864866 0.5262043654550044
1 0.6276557701207455 0.5207810725104127 0.6352155118010854 0.5274369320333206
1 0.7476511437908497 0.5463509416924665 0.7554985810113518 0.5535668214654283
1 0.744264920880633 0.5486890479876161 0.7548535861713106 0.5556630546955624
1 0.24776484480431848 0.6126363585245165 0.25983093417303943 0.619489428699955
1 0.244484742840006 0.62045588731444 0.2546764882291198 0.6266060784975259
1 0.3522595216674164 0.6145692757534862 0.36209982756035386 0.6220373650472335
1 0.3459336107362423 0.6193137089518668 0.3522595216674164 0.6270453778677463
1 0.4478510646273804 0.6186108299595141 0.45769137052031783 0.62669393837157
1 0.45113116659169294 0.6252003205128205 0.46132291198080666 0.6302961932073774
1 0.5439111935822463 0.6247610211426001 0.5543372319688109 0.6328441295546559
1 0.6392684435447593 0.6191379892037787 0.6495773354325985 0.6264303587494378
1 0.7294712475633528 0.609121963562753 0.7404830184435447 0.6162386133603238
1 0.7438802669065827 0.6259910593792173 0.7536034263007947 0.6334591486729645
1 0.7523148148148149 0.6012145748987854 0.7611008022192233 0.6078919253261359
1 0.24813411609438638 0.676560686736296 0.25766263908799236 0.68477370468974
1 0.24941406694427376 0.6960799371970784 0.2603647575488657 0.7033329920131067
1 0.3301931872482763 0.6852003549730358 0.3412860946139668 0.6929867226431838
1 0.34512594716362893 0.6798672264318384 0.35479668691833344 0.6848803672605639
1 0.4473797983935195 0.7083461328418322 0.4559128040594352 0.7158125127995085
1 0.5405317769130998 0.7050395931462898 0.5502025166678044 0.7141059116663253
1 0.5459360138348465 0.7026930165881631 0.5564600541561426 0.7103727216874872
1 0.6491853823924272 0.6820004778483173 0.6578606048194415 0.6891468700935217
1 0.6494698159146244 0.7026930165881631 0.6604205065192162 0.7097327462625436
1 0.7372175575124582 0.6703742576285071 0.7480260313559515 0.6777339750153595
1 0.24906937692289627 0.7464903473543295 0.2584636792785176 0.7537562530825054
1 0.3312695225345828 0.7715907489607553 0.3416913267103502 0.7783062072852814
1 0.3403702529415909 0.7856822024941872 0.3522599168604242 0.7914068554921438
1 0.44312043495619907 0.7739026280560839 0.4541293830291927 0.7812786232649896
1 0.4409186453416003 0.7853519340519973 0.45090009159444794 0.7927279292609031
1 0.4422397191103595 0.778966744169661 0.4529550952347401 0.786012470936377
1 0.5389716761783977 0.7742328964982738 0.5489531224312454 0.7825996970337489
1 0.5451366870992742 0.7846913971676178 0.5570263510181075 0.7917371239343337
1 0.6380522088353413 0.7834804128795885 0.6481804410624955 0.7917371239343337
1 0.6496483008055614 0.78072817586134 0.6599233190070222 0.7910765870499542
1 0.7255327373159266 0.7470869337522911 0.7351961994538585 0.7545098754348557
1 0.7457948353470741 0.770349380914974 0.7553024351924589 0.7777138742378333
1 0.7373082464615646 0.7872754046953133 0.7466663841568495 0.7915130519535554
1 0.7360722660112439 0.830578862615476 0.7470195214283696 0.8373326129332995
1 0.7526697177726926 0.8500455547080261 0.7623809927394977 0.8552101873040089
1 0.6360788844872036 0.8303268251273345 0.6447250518770044 0.8363693171099792
1 0.531538860592341 0.8555284380305603 0.5417570584166509 0.8645184870779098
1 0.539988524177828 0.8628973306923221 0.5502067220021379 0.8690872005282021
1 0.639222945356222 0.9051947745708356 0.6480656165503363 0.9131531786455386
1 0.5299668301578319 0.9361441237502358 0.540578035590769 0.9443972835314092
1 0.4391675804093567 0.8240816885964912 0.4483050073099415 0.8315772341008771
1 0.4445929276315789 0.8658425849780702 0.4557291666666667 0.8722673382675439
1 0.33237390350877194 0.8571627432839912 0.34236796418128657 0.8643370511239035
1 0.33166004203216376 0.8620883874725878 0.3425107364766082 0.8673352693256579
1 0.23785864400584794 0.827501798930921 0.24656775402046785 0.8368176912006579
1 0.2412705345660139 0.8965112469971609 0.25037004683215647 0.9024259299701536
1 0.24430370532139478 0.914710271529446 0.25537477857853486 0.9192600276625172
1 0.3333272669918226 0.9310893936085025 0.34470165732450075 0.9409851131979325
1 0.3351471694450511 0.925629686248817 0.34727985246657445 0.9342742229016524
1 0.44737448739414226 0.936094125354881 0.45692897527359194 0.9441699424910824
