0 0.25681818181818183 0.0 0.7105246871131894 0.9996666666666665
1 0.315625 0.06893939393939394 0.32215909090909095 0.0787878787878788
1 0.3105113636363636 0.07462121212121213 0.3164772727272728 0.0821969696969697
1 0.38238636363636364 0.07007575757575757 0.3894886363636364 0.07803030303030303
1 0.3786931818181818 0.07575757575757576 0.3860795454545454 0.08257575757575757
1 0.44346590909090905 0.06742424242424243 0.45 0.07803030303030303
1 0.44488636363636364 0.08143939393939394 0.4517045454545454 0.08787878787878788
1 0.5164772727272727 0.07992424242424243 0.5224431818181818 0.0893939393939394
1 0.5752840909090908 0.0784090909090909 0.5815340909090909 0.08787878787878788
1 0.6505681818181819 0.08295454545454546 0.6582386363636363 0.09393939393939393
1 0.6534090909090908 0.16477272727272727 0.6610795454545455 0.17424242424242425
1 0.6565340909090909 0.1734848484848485 0.6642045454545455 0.18181818181818182
1 0.5835227272727272 0.16363636363636364 0.5897727272727272 0.1734848484848485
1 0.5892045454545455 0.16325757575757574 0.5960227272727272 0.1734848484848485
1 0.5190340909090909 0.16893939393939394 0.5264204545454545 0.17954545454545454
1 0.6465909090909091 0.2636363636363636 0.6548295454545455 0.2727272727272727
1 0.584375 0.25757575757575757 0.5911931818181819 0.26553030303030306
1 0.4491477272727272 0.16477272727272727 0.4576704545454546 0.17462121212121212
1 0.5204545454545455 0.2534090909090909 0.5278409090909091 0.2640151515151515
1 0.44573863636363636 0.25795454545454544 0.45340909090909093 0.26590909090909093
1 0.38579545454545455 0.25492424242424244 0.3931818181818182 0.2640151515151515
1 0.3801136363636364 0.17045454545454547 0.3866477272727272 0.18068181818181817
1 0.3074823943661972 0.15774647887323945 0.313556338028169 0.16748826291079813
1 0.31910211267605637 0.1665492957746479 0.3259683098591549 0.1757042253521127
1 0.3072448979591837 0.2629931972789115 0.3141836734693877 0.2714285714285714
1 0.31591836734693873 0.3515646258503401 0.3226530612244898 0.36
1 0.38193877551020405 0.34870748299319726 0.3888775510204081 0.3559183673469387
1 0.30326530612244895 0.44122448979591833 0.31061224489795913 0.4510204081632653
1 0.375204081632653 0.4417687074829932 0.3818367346938775 0.4510204081632653
1 0.4480612244897959 0.44217687074829926 0.4551020408163265 0.45088435374149655
1 0.5241836734693878 0.4432653061224489 0.5307142857142857 0.4522448979591836
1 0.5220408163265307 0.35129251700680275 0.5260204081632653 0.3624489795918367
1 0.4504081632653061 0.3555102040816326 0.45499999999999996 0.36707482993197277
1 0.5914754098360655 0.34622950819672127 0.5993442622950819 0.35497267759562834
1 0.6590163934426229 0.3466666666666667 0.6645901639344262 0.3567213114754098
1 0.5836065573770491 0.4382513661202186 0.5909016393442622 0.44819672131147537
1 0.661639344262295 0.44076502732240436 0.6687704918032786 0.4495081967213115
1 0.3112612612612612 0.5378378378378378 0.31869369369369366 0.5477477477477477
1 0.3779279279279279 0.538138138138138 0.3842342342342342 0.5462462462462462
1 0.45090090090090085 0.5363363363363363 0.4578828828828828 0.5441441441441441
1 0.5173423423423422 0.5348348348348348 0.5236486486486487 0.5429429429429429
1 0.5209459459459459 0.5297297297297296 0.5283783783783783 0.5396396396396396
1 0.311036036036036 0.6225225225225225 0.31644144144144143 0.6327327327327327
1 0.372972972972973 0.6234234234234234 0.37882882882882885 0.6342342342342342
1 0.44999999999999996 0.6279279279279278 0.45743243243243237 0.6378378378378378
1 0.5218468468468468 0.6276276276276276 0.5297297297297296 0.6366366366366365
1 0.5233412322274882 0.6366508688783571 0.5295023696682465 0.6431279620853081
1 0.5822274881516588 0.625434439178515 0.5890995260663507 0.6334913112164298
1 0.587914691943128 0.5300157977883097 0.5946682464454977 0.5388625592417061
1 0.6522511848341233 0.5338072669826225 0.6591232227488152 0.542654028436019
1 0.6595971563981042 0.6304897314375988 0.6669431279620853 0.6352290679304897
1 0.31167883211678826 0.7197080291970803 0.31906934306569346 0.730170316301703
1 0.3802919708029197 0.725669099756691 0.3853102189781022 0.7345498783454987
1 0.3822992700729927 0.727250608272506 0.38749999999999996 0.7371046228710461
1 0.4525547445255474 0.7223844282238442 0.45912408759124085 0.7318734793187347
1 0.514507299270073 0.7193430656934306 0.5214416058394161 0.7281021897810218
1 0.5846830985915493 0.7130281690140846 0.5908450704225353 0.7220657276995306
1 0.6575704225352113 0.7208920187793428 0.664524647887324 0.7300469483568075
1 0.6572463768115941 0.8140096618357486 0.6633333333333332 0.8234782608695652
1 0.6522463768115941 0.8157487922705313 0.6590579710144927 0.8257971014492753
1 0.5917391304347827 0.8072463768115942 0.5981159420289855 0.816231884057971
1 0.5163043478260869 0.8120772946859903 0.522536231884058 0.8216425120772947
1 0.44507246376811593 0.8192270531400965 0.45188405797101444 0.828792270531401
1 0.44420289855072465 0.8092753623188405 0.4516666666666666 0.8189371980676329
1 0.38130434782608696 0.8214492753623188 0.38862318840579707 0.8329468599033817
1 0.31065217391304345 0.8158454106280193 0.31753623188405794 0.8248309178743962
1 0.30840277777777775 0.9079629629629629 0.3158333333333333 0.9163888888888888
1 0.31006944444444445 0.9152777777777779 0.3173611111111111 0.9226851851851852
1 0.3803472222222222 0.8988888888888888 0.38673611111111106 0.9080555555555555
1 0.38222222222222224 0.9137037037037036 0.38826388888888885 0.9247222222222222
1 0.4489583333333333 0.9083333333333333 0.45625 0.9186111111111112
1 0.4546527777777778 0.9014814814814814 0.45923611111111107 0.912037037037037
1 0.5199305555555556 0.9008333333333334 0.5276388888888889 0.9109259259259259
1 0.588125 0.9055555555555556 0.5952777777777777 0.9151851851851852
1 0.6565972222222222 0.9057407407407407 0.6619444444444444 0.9156481481481481
1 0.37384453781512605 0.9955182072829133 0.3802521008403361 0.9994397759103641
1 0.5883403361344538 0.9929971988795518 0.5956903618590292 0.9996666666666667
1 0.6599789915966388 0.9883753501400561 0.6671218487394959 0.9974789915966387
1 0.657983193277311 0.9931372549019608 0.664390756302521 0.9995798319327731
