0 0.24333333333333337 0.0022222222222222227 0.7065118782479584 0.9996666666666667
1 0.2926785714285714 0.04714285714285714 0.29999999999999993 0.05785714285714285
1 0.3044642857142857 0.05547619047619047 0.31107142857142855 0.06476190476190476
1 0.36571428571428566 0.059285714285714275 0.37249999999999994 0.06976190476190476
1 0.43571428571428567 0.05285714285714285 0.4433928571428571 0.06285714285714285
1 0.4323214285714286 0.14547619047619045 0.4392857142857142 0.15428571428571428
1 0.3723214285714286 0.14309523809523808 0.37982142857142853 0.15238095238095237
1 0.29357142857142854 0.15357142857142855 0.30124999999999996 0.1614285714285714
1 0.5053571428571428 0.056428571428571425 0.5119642857142856 0.06714285714285714
1 0.5066071428571428 0.14095238095238094 0.5141071428571428 0.15095238095238095
1 0.56875 0.05071428571428571 0.5757142857142856 0.060714285714285714
1 0.5746428571428571 0.04952380952380952 0.5817857142857142 0.06023809523809523
1 0.5705357142857143 0.1433333333333333 0.5776785714285714 0.15190476190476188
1 0.6396428571428571 0.04976190476190476 0.6466071428571428 0.05952380952380952
1 0.6426785714285713 0.058571428571428566 0.6501785714285714 0.06738095238095237
1 0.6339285714285713 0.14833333333333332 0.6414285714285713 0.15833333333333333
1 0.6462499999999999 0.2319047619047619 0.6521428571428571 0.2426190476190476
1 0.5778571428571427 0.23166666666666663 0.5866071428571428 0.24119047619047618
1 0.5090314136125654 0.23856893542757415 0.5138743455497382 0.2495636998254799
1 0.437565445026178 0.2432809773123909 0.4424083769633507 0.2549738219895288
1 0.3695026178010471 0.23769633507853402 0.37670157068062826 0.24589877835951132
1 0.3036734693877551 0.24068027210884355 0.31051020408163266 0.25020408163265306
1 0.2913265306122449 0.3308843537414966 0.29887755102040814 0.34149659863945575
1 0.3625510204081632 0.33061224489795915 0.370204081632653 0.3398639455782313
1 0.2993877551020408 0.42802721088435375 0.30795918367346936 0.4380952380952381
1 0.3660204081632653 0.4262585034013605 0.37387755102040815 0.43578231292517006
1 0.30084541062801934 0.5114331723027374 0.3068840579710145 0.5219001610305958
1 0.36256038647343 0.5125603864734299 0.36835748792270534 0.5223832528180354
1 0.44045893719806767 0.5161030595813204 0.4477053140096619 0.5254428341384862
1 0.43997584541062806 0.4247987117552335 0.4466183574879228 0.43204508856682766
1 0.43602150537634404 0.32992831541218637 0.44314516129032255 0.3385304659498208
1 0.5118279569892473 0.32992831541218637 0.5186827956989247 0.3397849462365591
1 0.5717741935483871 0.32383512544802867 0.5786290322580645 0.33351254480286735
1 0.6498655913978495 0.32598566308243726 0.656989247311828 0.33494623655913974
1 0.5766129032258065 0.41594982078853043 0.5836021505376344 0.4256272401433691
1 0.6419354838709677 0.42007168458781363 0.6483870967741935 0.42867383512544804
1 0.5064136125654449 0.4219895287958115 0.512434554973822 0.43036649214659684
1 0.5102094240837696 0.41762652705061076 0.5168848167539266 0.4272251308900523
1 0.5111256544502617 0.5148342059336823 0.5187172774869109 0.5235602094240838
1 0.512434554973822 0.5233856893542758 0.518979057591623 0.5305410122164048
1 0.5721204188481674 0.5115183246073298 0.5789267015706806 0.5198952879581151
1 0.6490243902439026 0.5154471544715447 0.6571951219512195 0.520650406504065
1 0.648658536585366 0.6065040650406504 0.6554878048780488 0.6151219512195122
1 0.5748780487804878 0.599349593495935 0.5817073170731708 0.6086178861788618
1 0.5053658536585367 0.6068292682926829 0.5117073170731707 0.6157723577235772
1 0.44280487804878055 0.6112195121951219 0.45024390243902446 0.62
1 0.3025974025974026 0.6095238095238095 0.3097402597402597 0.6203463203463203
1 0.3707792207792208 0.6142857142857143 0.3761952191235059 0.6233731739707834
1 0.37310756972111553 0.6172642762284196 0.3782868525896414 0.6258964143426294
1 0.30224137931034484 0.705287356321839 0.30948275862068964 0.7154022988505747
1 0.3732758620689655 0.7108045977011495 0.3801724137931035 0.7218390804597701
1 0.43551724137931036 0.6970114942528737 0.44310344827586207 0.706896551724138
1 0.4370689655172414 0.7075862068965518 0.443448275862069 0.716551724137931
1 0.30088141025641024 0.798611111111111 0.30841346153846155 0.8066239316239316
1 0.303125 0.8056623931623931 0.30985576923076924 0.8122863247863247
1 0.3727564102564102 0.7883547008547008 0.37908653846153845 0.7966880341880341
1 0.3746794871794872 0.8028846153846154 0.381650641025641 0.8137820512820513
1 0.44150641025641024 0.7963675213675213 0.44855769230769227 0.8060897435897435
1 0.447275641025641 0.7901709401709401 0.4510416666666666 0.799465811965812
1 0.5122667910447761 0.7887437810945273 0.5198694029850746 0.7979477611940299
1 0.5833572453371593 0.7924438067910091 0.5879842180774749 0.7991391678622669
1 0.5804878048780487 0.7938785270205643 0.5860473457675754 0.800621712099474
1 0.6488866396761133 0.7902834008097166 0.6547570850202428 0.8013495276653171
1 0.6490890688259109 0.7 0.6552631578947368 0.7086369770580296
1 0.6443319838056679 0.701889338731444 0.6505060728744938 0.7109311740890688
1 0.5830971659919028 0.6931174089068826 0.5892712550607286 0.7025641025641025
1 0.5080263157894737 0.6994736842105262 0.5136842105263157 0.7091228070175437
1 0.30759717314487633 0.8870435806831567 0.3178445229681979 0.8985865724381625
1 0.36669611307420497 0.8842167255594816 0.3741166077738516 0.8921083627797408
1 0.44160777385159006 0.8830388692579506 0.44902826855123673 0.8965842167255594
1 0.5048586572438163 0.8926972909305065 0.5113957597173144 0.9009422850412249
1 0.580035335689046 0.8789163722025913 0.5891342756183745 0.8890459363957597
1 0.6512367491166077 0.8778563015312132 0.6578621908127209 0.8879858657243815
1 0.6531802120141342 0.8743227326266195 0.659982332155477 0.8826855123674912
1 0.6504054054054054 0.9678378378378377 0.6574324324324324 0.9789189189189189
1 0.6478378378378378 0.9704504504504504 0.6555405405405406 0.98009009009009
1 0.5819594594594595 0.9799099099099099 0.5892567567567568 0.9884684684684685
1 0.579527027027027 0.9771171171171171 0.5861486486486487 0.9845945945945945
1 0.5109459459459459 0.9665765765765765 0.5177702702702702 0.974054054054054
1 0.44581081081081075 0.9796396396396396 0.45209459459459456 0.99
