0 0.24333333333333337 0.0011111111111111107 0.7066666666666668 0.9988888888888889
1 0.2924590163934426 0.04797814207650272 0.2994262295081967 0.05770491803278688
1 0.3047540983606557 0.055519125683060104 0.31221311475409835 0.0656830601092896
1 0.3659016393442623 0.05923497267759563 0.3730327868852459 0.07016393442622951
1 0.2935483870967742 0.15340501792114694 0.30134408602150536 0.16200716845878135
1 0.37231182795698925 0.14301075268817204 0.3795698924731183 0.15268817204301074
1 0.30268817204301074 0.24121863799283152 0.310752688172043 0.25089605734767023
1 0.3696236559139785 0.2379928315412186 0.37661290322580643 0.24623655913978493
1 0.4325443786982249 0.14615384615384616 0.4393491124260355 0.15502958579881657
1 0.5063609467455622 0.14043392504930965 0.5134615384615384 0.15108481262327417
1 0.43609467455621304 0.053254437869822494 0.44319526627218936 0.06331360946745562
1 0.505621301775148 0.056804733727810655 0.5118343195266272 0.0670611439842209
1 0.5705882352941176 0.14387254901960783 0.5772058823529411 0.1517156862745098
1 0.6345588235294117 0.14901960784313723 0.6408088235294117 0.15784313725490196
1 0.6395220588235294 0.05024509803921568 0.6466911764705882 0.05955882352941176
1 0.56875 0.05122549019607842 0.575 0.0605392156862745
1 0.5744485294117646 0.050490196078431374 0.58125 0.05980392156862745
1 0.4378318584070796 0.2441002949852507 0.44192477876106195 0.2545722713864307
1 0.5092920353982301 0.23893805309734512 0.5133849557522123 0.24999999999999997
1 0.578429203539823 0.23215339233038343 0.5863938053097345 0.2408554572271386
1 0.6464601769911503 0.23259587020648967 0.6524336283185841 0.24247787610619465
1 0.2914921465968586 0.331413612565445 0.2988219895287958 0.34136125654450256
1 0.3638743455497382 0.331239092495637 0.3700261780104712 0.33979057591623035
1 0.43599476439790574 0.3301919720767888 0.4431937172774869 0.3394415357766143
1 0.512303664921466 0.3298429319371728 0.518979057591623 0.33996509598603836
1 0.5718586387434554 0.3240837696335078 0.5785340314136125 0.33438045375218145
1 0.650261780104712 0.32617801047120415 0.6573298429319372 0.33525305410122164
1 0.5767015706806282 0.41657940663176257 0.5836387434554973 0.4261780104712041
1 0.6414921465968586 0.4202443280977312 0.6486910994764398 0.4287958115183246
1 0.43992146596858633 0.42425828970331586 0.44659685863874343 0.4326352530541012
1 0.5064136125654449 0.42251308900523554 0.512565445026178 0.4301919720767888
1 0.5102094240837696 0.4171029668411867 0.5168848167539266 0.4272251308900523
1 0.3667253521126761 0.4269953051643192 0.37359154929577465 0.4363849765258216
1 0.3001760563380282 0.4284037558685446 0.30845070422535215 0.437793427230047
1 0.3007042253521127 0.5115023474178404 0.30633802816901406 0.5225352112676057
1 0.3630281690140845 0.5129107981220657 0.3686619718309859 0.5227699530516432
1 0.44014084507042256 0.5164319248826291 0.44735915492957745 0.5262910798122066
1 0.5117957746478874 0.5143192488262911 0.518661971830986 0.5237089201877935
1 0.571830985915493 0.5115023474178404 0.5795774647887324 0.52018779342723
1 0.6491197183098592 0.5152582159624413 0.6577464788732394 0.5206572769953052
1 0.30220588235294116 0.6102941176470588 0.3097426470588235 0.620343137254902
1 0.37077205882352937 0.6142156862745097 0.3764705882352941 0.6240196078431373
1 0.372610294117647 0.6176470588235293 0.37775735294117646 0.6264705882352941
1 0.4431985294117647 0.6105392156862745 0.4498161764705882 0.6198529411764706
1 0.505050505050505 0.6068462401795734 0.5121212121212121 0.6161616161616161
1 0.5749158249158248 0.5992143658810325 0.5809764309764309 0.608641975308642
1 0.6486531986531986 0.6068462401795734 0.6556397306397306 0.6153759820426487
1 0.30186170212765956 0.7049645390070921 0.3090425531914893 0.7148936170212766
1 0.3731382978723404 0.7109929078014183 0.3805851063829787 0.7216312056737588
1 0.43670212765957445 0.7078014184397163 0.4438829787234042 0.7170212765957445
1 0.4356382978723404 0.6978723404255318 0.44361702127659575 0.7078014184397163
1 0.5079787234042553 0.6989361702127659 0.5138297872340426 0.7092198581560283
1 0.5829787234042554 0.6932624113475176 0.5898936170212765 0.702836879432624
1 0.6489361702127658 0.699645390070922 0.6553191489361703 0.7092198581560283
1 0.6449468085106382 0.7017730496453901 0.650531914893617 0.7106382978723405
1 0.3005514705882352 0.7985294117647058 0.30863970588235295 0.8066176470588234
1 0.3034926470588235 0.8056372549019607 0.310110294117647 0.8127450980392156
1 0.372610294117647 0.788235294117647 0.3792279411764706 0.7968137254901961
1 0.3744485294117647 0.803186274509804 0.38088235294117645 0.813970588235294
1 0.44705882352941173 0.7901960784313725 0.4522058823529412 0.8002450980392156
1 0.4415441176470588 0.7963235294117648 0.4483455882352941 0.8063725490196078
1 0.3665441176470588 0.8838235294117647 0.37352941176470583 0.8921568627450981
1 0.30803886925795054 0.8882214369846879 0.3151943462897526 0.8955241460541814
1 0.31113074204947 0.8912838633686689 0.3181978798586572 0.8988221436984688
1 0.44160777385159006 0.8857479387514723 0.4484982332155477 0.8969375736160188
1 0.5054770318021201 0.8923439340400472 0.5118374558303888 0.902002355712603
1 0.5126302083333334 0.7887152777777778 0.5197916666666668 0.7975694444444444
1 0.5803385416666668 0.7921875 0.5875 0.8010416666666667
1 0.6497395833333334 0.790625 0.654296875 0.8010416666666667
1 0.5818037974683544 0.8799578059071729 0.58876582278481 0.8894514767932489
1 0.6509493670886076 0.8782700421940928 0.6575949367088607 0.8877637130801688
1 0.6531645569620252 0.8742616033755274 0.660126582278481 0.8829113924050633
1 0.6504746835443037 0.9679324894514768 0.657753164556962 0.9795358649789029
1 0.6484177215189872 0.971097046413502 0.654746835443038 0.9803797468354429
1 0.5819620253164557 0.980590717299578 0.5900316455696202 0.9883966244725737
1 0.5792721518987342 0.9765822784810126 0.5857594936708861 0.9843881856540083
1 0.5109177215189873 0.9679324894514768 0.5185126582278481 0.9757383966244726
1 0.4462025316455696 0.9801687763713081 0.4525316455696203 0.990717299578059
