0 0.28750000000000003 0.0 0.7818406593406594 0.9996666666666667
1 0.34973591549295774 0.061502347417840386 0.35669014084507045 0.06971830985915493
1 0.3533450704225352 0.05539906103286385 0.36073943661971836 0.06502347417840375
1 0.4205985915492958 0.05622065727699531 0.428080985915493 0.06725352112676057
1 0.49815140845070427 0.05727699530516432 0.5050176056338028 0.06795774647887325
1 0.5675176056338028 0.057394366197183105 0.575 0.06772300469483568
1 0.6411417322834645 0.05695538057742782 0.6482283464566929 0.06692913385826771
1 0.7125984251968503 0.06220472440944882 0.7202755905511811 0.07034120734908136
1 0.7188976377952756 0.15774278215223098 0.7244094488188977 0.16771653543307086
1 0.6438976377952756 0.15669291338582678 0.6503937007874016 0.16482939632545932
1 0.575 0.15984251968503937 0.5816929133858267 0.16666666666666666
1 0.5015748031496062 0.15538057742782152 0.5086614173228347 0.16325459317585303
1 0.4190944881889764 0.15616797900262466 0.42696850393700786 0.16666666666666666
1 0.35334645669291337 0.15905511811023623 0.36082677165354327 0.16850393700787403
1 0.340748031496063 0.15984251968503937 0.347244094488189 0.16981627296587926
1 0.34448818897637795 0.2517060367454068 0.35236220472440943 0.2595800524934383
1 0.4208661417322834 0.2543307086614173 0.4295275590551181 0.2616797900262467
1 0.49192913385826775 0.24724409448818896 0.49901574803149606 0.25826771653543307
1 0.568503937007874 0.2538057742782152 0.5761811023622047 0.2627296587926509
1 0.6411417322834645 0.2585301837270341 0.6503937007874016 0.26745406824146983
1 0.7200787401574803 0.2643044619422572 0.7283464566929134 0.27427821522309714
1 0.712992125984252 0.363254593175853 0.7188976377952756 0.37322834645669295
1 0.6419291338582678 0.34908136482939633 0.6486220472440944 0.3569553805774278
1 0.645275590551181 0.3538057742782152 0.6511811023622047 0.3645669291338583
1 0.5688976377952756 0.3545931758530184 0.5761811023622047 0.363254593175853
1 0.5003937007874015 0.3493438320209974 0.5070866141732283 0.3569553805774278
1 0.49645669291338584 0.3556430446194226 0.5029527559055118 0.36561679790026247
1 0.4159448818897638 0.3545931758530184 0.422244094488189 0.363254593175853
1 0.34862204724409446 0.3501312335958005 0.35531496062992124 0.3569553805774278
1 0.42071005917159765 0.4443786982248521 0.4273668639053254 0.4546351084812623
1 0.49423076923076925 0.4471400394477318 0.5002958579881657 0.457396449704142
1 0.5720414201183432 0.454043392504931 0.5789940828402367 0.4631163708086785
1 0.6431952662721894 0.44556213017751484 0.6502958579881657 0.454043392504931
1 0.7210059171597634 0.46548323471400394 0.7285502958579883 0.4729783037475346
1 0.7146449704142013 0.5542406311637081 0.7229289940828403 0.5637080867850099
1 0.7158284023668638 0.5613412228796845 0.7215976331360947 0.5725838264299803
1 0.6424556213017751 0.5489151873767258 0.6494082840236687 0.5593688362919133
1 0.5671597633136095 0.5564102564102564 0.5758875739644971 0.5642998027613413
1 0.49023668639053253 0.5534516765285996 0.49792899408284025 0.5652859960552269
1 0.4187869822485207 0.5443786982248521 0.42588757396449706 0.5534516765285996
1 0.4193786982248521 0.5564102564102564 0.4252958579881657 0.5680473372781065
1 0.3392011834319527 0.5493096646942801 0.3460059171597633 0.5601577909270217
1 0.3486686390532544 0.5597633136094675 0.3557692307692308 0.5714003944773176
1 0.351060606060606 0.6408080808080807 0.3568181818181818 0.6494949494949495
1 0.3442424242424242 0.6525252525252525 0.35257575757575754 0.6634343434343434
1 0.41818181818181815 0.6424242424242423 0.4245454545454545 0.6507070707070707
1 0.4243939393939394 0.6614141414141413 0.43257575757575756 0.6715151515151514
1 0.49196969696969695 0.6484848484848484 0.49969696969696964 0.6575757575757575
1 0.5681818181818181 0.6466666666666666 0.576060606060606 0.655959595959596
1 0.5716666666666667 0.6535353535353535 0.579090909090909 0.6644444444444444
1 0.6463636363636363 0.6515151515151514 0.6534848484848483 0.6624242424242424
1 0.6442424242424242 0.6648484848484848 0.6519696969696969 0.6705050505050504
1 0.7169696969696969 0.6579797979797979 0.7253030303030302 0.6686868686868687
1 0.7151515151515151 0.7527272727272727 0.7242424242424241 0.762020202020202
1 0.6462121212121211 0.7511111111111111 0.6553030303030303 0.7604040404040403
1 0.644090909090909 0.758989898989899 0.6518181818181817 0.7709090909090909
1 0.5692424242424242 0.7549494949494948 0.5759090909090909 0.7656565656565657
1 0.4898484848484848 0.75010101010101 0.49666666666666665 0.76
1 0.4933333333333333 0.7622222222222221 0.5006060606060606 0.7739393939393938
1 0.33545454545454545 0.7418181818181818 0.3428787878787879 0.7517171717171717
1 0.3415151515151515 0.8466666666666667 0.3492424242424242 0.8575757575757575
1 0.41318181818181815 0.8478787878787878 0.4207575757575758 0.8573737373737373
1 0.49189189189189186 0.8576576576576577 0.4972972972972972 0.8678678678678678
1 0.5637387387387387 0.8624624624624624 0.5710585585585585 0.8726726726726726
1 0.5681306306306305 0.8489489489489489 0.5745495495495495 0.8557057057057056
1 0.6492117117117117 0.8648648648648649 0.6558558558558558 0.8737237237237236
1 0.3398318042813456 0.9412844036697248 0.34640672782874615 0.9489296636085627
1 0.3437308868501529 0.9466870540265035 0.3500764525993884 0.9571865443425076
1 0.41643730886850155 0.9467889908256881 0.42209480122324156 0.9574923547400611
1 0.4892201834862385 0.9559633027522935 0.4951070336391437 0.9676860346585118
1 0.5620030581039754 0.9549439347604486 0.5711773700305811 0.9653414882772682
1 0.6375382262996943 0.9507645259938837 0.6444189602446484 0.9610601427115188
1 0.7168960244648318 0.956472986748216 0.7253822629969419 0.9672782874617737
