0 0.286 0.004 0.7376153846153847 0.9996666666666667
1 0.3407142857142857 0.08238095238095237 0.34821428571428564 0.09428571428571428
1 0.41821428571428565 0.07714285714285714 0.42499999999999993 0.08857142857142855
1 0.4774999999999999 0.07857142857142857 0.4864285714285714 0.08904761904761904
1 0.5496428571428571 0.06619047619047619 0.5575 0.07857142857142857
1 0.6107142857142857 0.07047619047619047 0.6167857142857143 0.07714285714285714
1 0.6147342995169082 0.07536231884057965 0.6224637681159421 0.08164251207729462
1 0.6777777777777777 0.06876876876876876 0.684984984984985 0.07867867867867867
1 0.6841591591591591 0.07547547547547548 0.6895645645645645 0.08238238238238238
1 0.33905228758169936 0.16485112563543936 0.34613289760348587 0.17378358750907769
1 0.3358932461873638 0.17334785766158317 0.3441721132897604 0.1822803195352215
1 0.40393982808022916 0.16313276026743073 0.41110315186246416 0.17306590257879656
1 0.41067335243553005 0.16427889207258833 0.4167621776504297 0.1732569245463228
1 0.4738219895287958 0.16910994764397905 0.4807591623036649 0.17923211169284467
1 0.5424083769633508 0.16422338568935427 0.5509162303664921 0.1745200698080279
1 0.6130890052356021 0.17033158813263524 0.6204188481675392 0.18097731239092493
1 0.6744764397905759 0.16579406631762653 0.6816753926701571 0.17609075043630018
1 0.6865183246073298 0.15776614310645723 0.6931937172774868 0.1682373472949389
1 0.34561752988047806 0.2633466135458167 0.35288844621513943 0.2725099601593625
1 0.4093625498007968 0.25697211155378485 0.41593625498007963 0.2653386454183267
1 0.4727091633466135 0.25298804780876494 0.4791832669322709 0.2634794156706507
1 0.547011952191235 0.25763612217795484 0.5547808764940239 0.2666666666666666
1 0.6071713147410358 0.2545816733067729 0.6140438247011951 0.26401062416998666
1 0.6854581673306772 0.2628154050464807 0.6932270916334661 0.2721115537848605
1 0.33557213930348256 0.34709784411276945 0.3412935323383084 0.35638474295190703
1 0.40062189054726366 0.3462686567164179 0.40895522388059696 0.3550580431177445
1 0.4737562189054726 0.351575456053068 0.4788557213930348 0.3618573797678275
1 0.5452736318407959 0.35522388059701493 0.5502487562189055 0.366334991708126
1 0.610820895522388 0.3487562189054726 0.6186567164179104 0.35704809286898836
1 0.6776119402985075 0.3505804311774461 0.6840796019900497 0.36152570480928686
1 0.3310077519379845 0.4395348837209302 0.3393410852713178 0.4496124031007752
1 0.4083333333333333 0.43746770025839793 0.4174418604651163 0.44857881136950906
1 0.46957364341085267 0.44263565891472867 0.4763565891472868 0.45271317829457364
1 0.5453488372093024 0.44082687338501286 0.5525193798449612 0.4516795865633075
1 0.6180232558139535 0.441860465116279 0.625968992248062 0.4506459948320414
1 0.6897286821705426 0.44005167958656327 0.6974806201550388 0.4506459948320414
1 0.33271028037383177 0.6289719626168224 0.3406542056074766 0.635202492211838
1 0.4100467289719626 0.6249221183800623 0.4182242990654206 0.6339563862928348
1 0.4700934579439252 0.6274143302180685 0.47827102803738314 0.6376947040498442
1 0.5420560747663551 0.6271028037383177 0.5495327102803738 0.6376947040498442
1 0.4761682242990654 0.5339563862928348 0.48271028037383173 0.5429906542056074
1 0.541822429906542 0.5352024922118379 0.550233644859813 0.5442367601246105
1 0.4042056074766355 0.5295950155763239 0.4121495327102804 0.5389408099688473
1 0.3404205607476636 0.5336448598130841 0.3481308411214953 0.543613707165109
1 0.6153846153846153 0.537995337995338 0.6227272727272728 0.5461538461538462
1 0.6816433566433567 0.5375291375291376 0.6895104895104895 0.5475524475524476
1 0.6215034965034966 0.6244755244755245 0.6269230769230769 0.6335664335664336
1 0.6839160839160839 0.6223776223776224 0.6896853146853147 0.6321678321678322
1 0.335546875 0.7211805555555556 0.34231770833333336 0.7300347222222223
1 0.4096354166666667 0.7126736111111112 0.415625 0.7220486111111112
1 0.3367227979274612 0.8141623488773748 0.3425518134715026 0.8234024179620034
1 0.34170984455958553 0.8158894645941279 0.34818652849740933 0.8256476683937825
1 0.40212765957446805 0.8070921985815603 0.4082446808510638 0.8156028368794326
1 0.47712765957446807 0.8122340425531914 0.48324468085106376 0.8212765957446807
1 0.47805851063829785 0.7191489361702127 0.48577127659574465 0.7285460992907802
1 0.5404947916666667 0.7223958333333333 0.5481770833333334 0.7317708333333334
1 0.6143229166666667 0.7253472222222224 0.6204427083333334 0.7345486111111111
1 0.6125 0.7277777777777779 0.6192708333333333 0.7369791666666666
1 0.6808306709265175 0.7195953141640044 0.6884185303514377 0.7299254526091588
1 0.547791519434629 0.8189634864546526 0.5545936395759716 0.8280329799764429
1 0.5481448763250883 0.809658421672556 0.5564487632508834 0.8190812720848056
1 0.611144578313253 0.8209839357429719 0.619051204819277 0.8328313253012047
1 0.6824074074074074 0.8149382716049383 0.6896296296296296 0.825185185185185
1 0.6840740740740741 0.9080246913580247 0.6913888888888888 0.9162962962962963
1 0.6826851851851851 0.9149382716049382 0.6898148148148148 0.9229629629629629
1 0.6130555555555556 0.8992592592592591 0.6196296296296295 0.907283950617284
1 0.6121296296296296 0.9146913580246913 0.6183333333333333 0.924074074074074
1 0.5441666666666666 0.9081481481481481 0.5508333333333333 0.9175308641975308
1 0.5407407407407407 0.901358024691358 0.5462962962962963 0.9120987654320987
1 0.4723148148148148 0.9003703703703703 0.48018518518518516 0.9101234567901233
1 0.40425925925925926 0.9055555555555556 0.41203703703703703 0.9145679012345678
1 0.3378703703703703 0.9055555555555556 0.34388888888888886 0.9158024691358024
1 0.33279914529914534 0.9884615384615386 0.3424145299145299 0.9995726495726496
1 0.4040598290598291 0.9928774928774929 0.4119574393860107 0.9996666666666667
