0 0.261328125 0.6552083333333333 0.706640625 0.9041666666666667
1 0.3796747967479675 0.7200542005420054 0.3876016260162602 0.7287262872628726
1 0.4544715447154472 0.6880758807588077 0.4609756097560976 0.6981029810298104
1 0.5103658536585366 0.6886178861788619 0.516869918699187 0.697560975609756
1 0.30298507462686564 0.787396351575456 0.3104477611940298 0.7945273631840795
1 0.3125621890547263 0.8067993366500827 0.320273631840796 0.8155887230514095
1 0.3822139303482587 0.8061359867330016 0.3884328358208955 0.814759535655058
1 0.38009950248756214 0.7852404643449419 0.38644278606965166 0.7966832504145936
1 0.4477611940298507 0.7746268656716417 0.45447761194029845 0.7812603648424542
1 0.45298507462686566 0.7794361525704808 0.4587064676616915 0.790049751243781
1 0.5114427860696517 0.7729684908789386 0.5194029850746268 0.7807628524046434
1 0.5152985074626866 0.8101160862354891 0.5227611940298507 0.820066334991708
1 0.58818407960199 0.7756218905472636 0.5957711442786069 0.7822553897180762
1 0.5883084577114428 0.7799336650082918 0.5950248756218904 0.7875621890547263
1 0.6536069651741293 0.8063018242122719 0.6605721393034825 0.8155887230514095
1 0.6503731343283581 0.7291873963515755 0.6573383084577114 0.7376451077943614
1 0.6476368159203979 0.7087893864013266 0.6549751243781095 0.7174129353233829
1 0.5873134328358208 0.6920398009950248 0.5941542288557212 0.7011608623548922
1 0.5850746268656716 0.6988391376451077 0.5919154228855721 0.7072968490878937
1 0.31230031948881787 0.8645367412140575 0.3198083067092652 0.8692225772097977
1 0.3056709265175719 0.8771033013844516 0.31293929712460067 0.8859424920127796
1 0.3722044728434505 0.8653887113951012 0.37867412140575085 0.8750798722044728
1 0.3795527156549521 0.8638977635782749 0.38714057507987226 0.8724174653887113
1 0.4427316293929713 0.8646432374866879 0.45023961661341855 0.8733759318423856
1 0.44744408945686903 0.874653887113951 0.4544728434504793 0.8841320553780618
1 0.5147763578274761 0.8632587859424921 0.522444089456869 0.8710330138445155
1 0.5126198083067093 0.8749733759318424 0.519888178913738 0.8838125665601704
1 0.5825079872204473 0.8638977635782749 0.590255591054313 0.8695420660276891
1 0.588738019169329 0.8775292864749734 0.5968051118210863 0.8867944621938233
