0 0.26166666666666666 0.35 0.7083333333333334 0.9100000000000001
1 0.3811023622047244 0.41391076115485564 0.3889763779527559 0.42309711286089235
1 0.4553149606299213 0.38162729658792655 0.46200787401574805 0.39055118110236225
1 0.5118110236220472 0.3808398950131233 0.5187007874015748 0.39055118110236225
1 0.6515748031496063 0.4246719160104987 0.6590551181102362 0.43254593175853023
1 0.6492125984251969 0.4041994750656168 0.6562992125984253 0.4120734908136483
1 0.5889763779527559 0.3858267716535433 0.5954724409448819 0.39501312335958005
1 0.5864173228346456 0.3921259842519685 0.5940944881889764 0.40052493438320214
1 0.589763779527559 0.4692913385826772 0.5970472440944882 0.4753280839895013
1 0.589763779527559 0.4732283464566929 0.596259842519685 0.4808398950131233
1 0.6559055118110236 0.5010498687664042 0.6618110236220472 0.511023622047244
1 0.5129921259842519 0.4653543307086614 0.5206692913385826 0.4719160104986877
1 0.5181102362204724 0.505249343832021 0.5242125984251969 0.5136482939632546
1 0.45 0.46719160104986873 0.4562992125984252 0.47401574803149604
1 0.4543307086614173 0.4719160104986877 0.46043307086614177 0.4818897637795276
1 0.38211111111111107 0.478962962962963 0.3874444444444445 0.48859259259259263
1 0.3837777777777778 0.5007407407407407 0.39 0.5082962962962964
1 0.3045555555555555 0.4808888888888889 0.3113333333333333 0.4872592592592593
1 0.31444444444444447 0.5002962962962964 0.32155555555555554 0.5084444444444444
1 0.313953488372093 0.5569121447028424 0.3213178294573643 0.561046511627907
1 0.3075581395348837 0.571188630490956 0.3144864341085271 0.5789405684754522
1 0.32044573643410856 0.5968992248062015 0.3280038759689922 0.6069767441860465
1 0.38063380281690146 0.5565727699530516 0.3883802816901409 0.5644366197183099
1 0.3742077464788733 0.5584507042253521 0.3798415492957746 0.5676056338028169
1 0.4444542253521127 0.5562206572769953 0.4519366197183099 0.5650234741784037
1 0.44973591549295777 0.5669014084507042 0.4557218309859155 0.5767605633802817
1 0.5158450704225352 0.5556338028169014 0.5237676056338029 0.5630281690140845
1 0.5152288732394367 0.5631455399061033 0.5227112676056338 0.5705399061032864
1 0.5140845070422536 0.5681924882629108 0.5215669014084507 0.5768779342723005
1 0.5845070422535211 0.5573943661971832 0.5923415492957748 0.5623239436619719
1 0.5908450704225353 0.5719483568075118 0.5985915492957747 0.5796948356807512
1 0.6477124183006535 0.5969498910675382 0.6550653594771242 0.6067538126361656
1 0.31071428571428567 0.6877551020408162 0.3171428571428571 0.6956462585034013
1 0.37193877551020404 0.6503401360544216 0.3791836734693877 0.6580952380952381
1 0.37265306122448977 0.6753741496598639 0.3795918367346939 0.6843537414965986
1 0.44857142857142857 0.647891156462585 0.4551020408163265 0.6578231292517006
1 0.4433673469387755 0.6517006802721088 0.45091836734693874 0.661360544217687
1 0.5127551020408163 0.6466666666666666 0.5188775510204081 0.6546938775510204
1 0.591530612244898 0.6722448979591836 0.5997959183673469 0.6805442176870747
1 0.5824489795918367 0.6794557823129251 0.5891836734693877 0.684625850340136
1 0.6475510204081633 0.6583673469387754 0.6556122448979591 0.6674829931972789
1 0.6495918367346939 0.6799999999999999 0.656530612244898 0.6891156462585033
1 0.30664739884393066 0.7425818882466282 0.313728323699422 0.7510597302504818
1 0.30043352601156065 0.7716763005780347 0.30722543352601156 0.7807321772639692
1 0.3153179190751445 0.761849710982659 0.3225433526011561 0.769942196531792
1 0.37846820809248555 0.7510597302504818 0.38583815028901736 0.7601156069364162
1 0.4453757225433526 0.7450867052023121 0.45216763005780347 0.7551059730250481
1 0.5089595375722543 0.7473988439306358 0.5163294797687861 0.7535645472061657
1 0.5122832369942197 0.751252408477842 0.5186416184971098 0.7595375722543353
1 0.5777456647398844 0.7568400770712909 0.5848265895953757 0.7658959537572255
1 0.5839595375722544 0.751252408477842 0.5891618497109826 0.7606936416184972
1 0.6514450867052024 0.751830443159923 0.6585260115606937 0.7585741811175338
1 0.6485549132947976 0.7601156069364162 0.6570809248554914 0.7676300578034683
1 0.30453539823008846 0.8364306784660767 0.311504424778761 0.8474926253687315
1 0.3814159292035398 0.8712389380530974 0.38761061946902653 0.8808259587020648
1 0.38772123893805305 0.8693215339233037 0.3923672566371681 0.8783185840707963
1 0.5101769911504423 0.8359882005899704 0.5174778761061947 0.8454277286135692
1 0.5153761061946902 0.8411504424778761 0.5220132743362832 0.8504424778761062
1 0.5795353982300884 0.8386430678466075 0.5869469026548673 0.8486725663716813
1 0.6529867256637167 0.8443952802359881 0.6600663716814158 0.8528023598820058
1 0.6521017699115044 0.8694690265486724 0.6587389380530972 0.8790560471976401
