0 0.0005360738474411685 0.001980758347481543 0.9982501645109388 0.999660441426146
1 0.11167333490232997 0.057691883668114584 0.12522376031436988 0.066070601724252
1 0.12308421945983727 0.05284104689877187 0.13663464487187718 0.061219764954909286
1 0.27071253842258786 0.05284104689877187 0.28497614411947203 0.06077877979405995
1 0.2593016538650806 0.05945582431151194 0.27713116098618573 0.06518863140255332
1 0.4040772516884543 0.05063612109452519 0.4190540376701827 0.061219764954909286
1 0.4083563333975196 0.0638656759200053 0.4233331193792479 0.07180340881529339
1 0.5659691763480891 0.0625427204374573 0.5780932411904405 0.07224439397614273
1 0.694341627620046 0.061660750115758625 0.7078920530320859 0.07136242365444405
1 0.8626521748432786 0.06562961656340266 0.8769157805401627 0.07709523074548544
1 0.8669312565523438 0.14941679712477676 0.8811948622492279 0.1582365003417635
1 0.8733498791159418 0.15867748550261285 0.8897530256673585 0.1674971887195996
1 0.7100315938866186 0.14897581196392742 0.7250083798683469 0.15867748550261285
1 0.725721560153191 0.14809384164222875 0.7399851658500752 0.15779551518091417
1 0.5702482580571543 0.1533856635724208 0.5852250440388826 0.1639693074328049
1 0.4176276771004943 0.1498577822856261 0.43545718422159946 0.15911847066346219
1 0.2650070961438342 0.15559058937666748 0.27855752155587415 0.16529226291535293
1 0.10454153205388793 0.1428020197120367 0.12023149832046044 0.15250369325072213
1 0.13021602230827933 0.15073975260732478 0.1437664477203192 0.16132339646770885
1 0.10596789262357634 0.2499614137984257 0.12094467860530465 0.2583401318545631
1 0.2778443412710299 0.24070072542058965 0.29424748782244664 0.2504023989592751
1 0.4104958742520522 0.2442286067073843 0.42404629966409213 0.25393028024606973
1 0.5738141594813753 0.23981875509889097 0.5895041257479479 0.2499614137984257
1 0.7128843150259955 0.24334663638568563 0.7278611010077237 0.2517253544418231
1 0.8533808311403038 0.24952042863757637 0.8690707974068764 0.25966308733711113
1 0.12308421945983727 0.33992238661169055 0.1409137265809424 0.34874208982867727
1 0.26928617785289943 0.33771746080744386 0.28497614411947203 0.34521420854188256
1 0.4190540376701827 0.3443322382201839 0.4290385616580016 0.3557978524022667
1 0.5773800609055962 0.3390404162899919 0.5859382243237268 0.3509470156329239
1 0.7292874615774122 0.33418957952064915 0.7456906081288289 0.34300928273763587
1 0.8783421411098511 0.3346305646814985 0.8897530256673585 0.34521420854188256
1 0.8840475833886048 0.4298833594249553 0.899024369370333 0.43958503296364076
1 0.711457954456307 0.4276784336207087 0.7278611010077237 0.4382620774810928
1 0.5809459623298173 0.43252927039005135 0.5952095680267014 0.4431129142504355
1 0.4140617756762733 0.4312063149075034 0.42975174194284577 0.4409079884461887
1 0.09663592859638988 0.4310629947302273 0.1116127145781182 0.4405441756884881
1 0.2556751321166478 0.4321654576323507 0.26851237724384347 0.4405441756884881
1 0.11263154355646707 0.5290876961990228 0.1297223996682693 0.538442881397041
1 0.2588844433984467 0.5297806728803576 0.27401405372692733 0.5380963930563737
1 0.4199867755998611 0.5275284986660199 0.43399567405215794 0.5358442188420359
1 0.5665198534108866 0.5261425453033506 0.5810891078012753 0.534285021309033
1 0.5754855484203566 0.5214649527043416 0.5900548028107454 0.5311666262430269
1 0.7215894437104916 0.521371577971002 0.7358006431883615 0.5307013023644342
1 0.8624733101392522 0.5259279550003526 0.8779126379670616 0.5346067683895919
1 0.11248488488163548 0.615721729239673 0.12682226784936557 0.6254234027783585
1 0.24828424808541838 0.6173944315739291 0.2609985310945375 0.6270961051126146
1 0.4197918103786422 0.6214089171761439 0.4346702266659092 0.6309433204814037
1 0.5764209563845989 0.6210743767092927 0.591840405991403 0.6304415097811268
1 0.5780440563432099 0.62993969908085 0.5915698893316346 0.637634129818428
1 0.707892053032086 0.6183980529744828 0.723852535958427 0.6265942944123377
1 0.8785880653460043 0.6235834302106767 0.8940075149528084 0.6289360776802962
1 0.11443565290700818 0.7149740548554484 0.13067808277451634 0.725017336617327
1 0.11211530578307842 0.8130156149118821 0.1283577356505866 0.8216241421363494
1 0.26757856308637096 0.818754633061527 0.2838209929538792 0.8302326693608169
1 0.4075728395634653 0.816363375499175 0.42226837134835365 0.8254501542361127
1 0.40525249243953554 0.8063200937372964 0.42304182038966365 0.8144503694492933
1 0.5653564439906875 0.8087113512996483 0.5785050776929561 0.8182763815490566
1 0.2656449404830962 0.7207130730050932 0.27724667610274495 0.7302781032545014
1 0.2695121856896458 0.7233434563236805 0.2811139213092945 0.7324302350606183
1 0.42342854491031856 0.7176044381740357 0.4381240766952069 0.7266912169109734
1 0.5611024742634831 0.7149740548554484 0.5746378324864067 0.7235825820799157
1 0.7146321089635009 0.7080394079246275 0.7262338445831495 0.7164088093928596
1 0.8751227850353078 0.7159305578803892 0.8894315922995413 0.7252564623735622
1 0.7301010897896991 0.8039288361749444 0.7440231725332775 0.8127764891556469
1 0.8627476003743493 0.8132547406681173 0.8766696831179277 0.8221023936488198
1 0.874349335993998 0.8111026088620005 0.8871112451756115 0.819950261842703
1 0.8724157133907232 0.9034051507687891 0.8840174490103718 0.9144049355556086
1 0.7208197012939802 0.9048399053062005 0.7382223047234532 0.9129701810181974
1 0.5727042098831318 0.8998182644252611 0.587786466188675 0.9089050431621989
1 0.42884268819948795 0.9002965159377315 0.43696390313324207 0.9098615461871397
1 0.41646750353852935 0.9074702886247877 0.43232320888538256 0.9163179416054902
1 0.2660316650037512 0.897187881106674 0.27918029870601974 0.9057964083311413
1 0.2691254611689909 0.9122528037494918 0.28266081939191434 0.9232525885363111
1 0.10863478509718381 0.9069920371123172 0.12410376592338208 0.9153614385805494
1 0.11250203030373337 0.9141658097993735 0.12758428660927668 0.9220569597551351
1 0.8786033057212025 0.9885339199885218 0.8952324601093655 0.9969033214567541
1 0.8747360605146529 0.9935555608694612 0.8903051434956207 0.999660441426146
1 0.7223665993766 0.993316435113226 0.7389957537647631 0.9995337047753413
1 0.2505626841775529 0.9959468184318133 0.26520189920412096 0.999660441426146
