0 0.17705461416932558 0.07596628289473681 0.844629968092686 0.9219777960526315
2 0.35437681394735243 0.7974137931034483 0.36300257758113297 0.8038119612068966
2 0.45509528931826027 0.8149245689655172 0.4621988593696089 0.8206492456896551
2 0.334334598445333 0.5142106681034483 0.3421992652878975 0.519598599137931
2 0.454841590387855 0.521282327586207 0.46321365509123014 0.5265018857758621
2 0.5540378721763309 0.5209455818965518 0.5621562379493008 0.5271753771551724
2 0.6443546914006212 0.5266702586206897 0.652473057173591 0.5325633081896552
2 0.23076993819894062 0.12112426757812503 0.23950669511477346 0.12661743164062503
2 0.3428027516185992 0.11944580078125003 0.3492403619776339 0.12509155273437503
2 0.4582199087698646 0.12234497070312503 0.46534726309593877 0.12814331054687503
2 0.5646703943496174 0.12097167968750003 0.5727174072984108 0.12661743164062503
2 0.7456132283696292 0.11807250976562503 0.7534303266627428 0.12432861328125003
2 0.754349985285462 0.18704223632812503 0.7600978516774574 0.19284057617187503
2 0.6623841230135373 0.19299316406250003 0.6688217333725721 0.19894409179687503
2 0.6633037816362566 0.25051879882812506 0.6699713066509712 0.25585937500000006
2 0.5522550029429076 0.25585937500000006 0.5586926133019423 0.26135253906250006
2 0.36050618010594465 0.25967407226562506 0.36993268098881693 0.26470947265625006
2 0.4584116008379503 0.1941317695214106 0.4661209809296623 0.19895308564231737
2 0.555668395841086 0.18812972292191435 0.5620434601476939 0.192852644836272
2 0.36397227127068205 0.19221230158730157 0.37144632229976543 0.197296626984127
2 0.2617062324243019 0.2541775173611111 0.2679735356309812 0.25969328703703703
2 0.25968050800387965 0.32102772887323944 0.26672690646527786 0.32652948943661975
2 0.3593663215313067 0.3162136883802817 0.3664127199927049 0.32240316901408456
2 0.46692752157441414 0.32295334507042256 0.4743884140629534 0.3281800176056338
2 0.45677241790945794 0.24744168133802819 0.46361156935728554 0.25294344190140844
2 0.666537262219328 0.316634807180851 0.6731118430115337 0.32037483377659576
2 0.26483331796875553 0.3879188629518072 0.27174737797570503 0.39286050451807225
2 0.365530397044328 0.38015342620481923 0.3733308750008864 0.38521272590361444
2 0.4536403412354539 0.391683923192771 0.46321365509123014 0.39721385542168675
2 0.5532737187714957 0.39415474397590355 0.5614287639078976 0.3989787274096385
2 0.6465248870703532 0.40921498493975894 0.6591120219547997 0.4158038403614458
2 0.45270684883473383 0.591478280141844 0.4620991071093134 0.5968805407801419
2 0.5597785931649406 0.5855219414893618 0.5677098334856967 0.5910627216312057
2 0.65954524772603 0.5862145390070922 0.6674764880467859 0.5921708776595744
2 0.671442108207164 0.5819204343971631 0.6795820653784662 0.5869071365248227
2 0.7651559741024132 0.5871841755319149 0.7724610638715306 0.591478280141844
2 0.3587747551723961 0.5819401421282799 0.3673546606904765 0.586609420553936
2 0.36649667013866843 0.5839900692419826 0.37284580022204794 0.5884315779883382
2 0.5567109660567817 0.6590162285407726 0.5647944890581937 0.6640457349785408
2 0.7600620915610545 0.6533161212446352 0.7671351741872902 0.6585132778969958
2 0.7638512429679665 0.6554955740343348 0.7716821558755845 0.6620339324034334
2 0.6625230964962184 0.8661211699164346 0.6702287598308689 0.8728673398328691
2 0.5634971251317751 0.8684061629526463 0.5712027884664255 0.8741730501392759
2 0.3464269494918361 0.8607895194986073 0.35413261282648656 0.8671004526462396
2 0.4533225344746459 0.8647066504178273 0.46348745206503583 0.8716704387186629
2 0.5595059617014818 0.7921703026729559 0.5680200339822536 0.7970838246855345
2 0.7711012419664567 0.7984795875420875 0.7788300901897134 0.803214436026936
2 0.45463594501956167 0.7212201286764706 0.46091126268046945 0.7255284926470588
2 0.3388671536890212 0.7324218749999999 0.34687359346328284 0.7384535845588235
