0 0.2979834527341583 0.20792819398397086 0.7538775116385652 0.789285747453078
1 0.3528503031086292 0.2395257772280035 0.3608149820118478 0.2456586665247231
1 0.34999504086030553 0.24484866227798657 0.35810999672396227 0.2501715473279696
1 0.417769950017883 0.23964149212039443 0.4260351828419778 0.24600581120189588
1 0.42498324411891114 0.2405672112595219 0.43189598429906323 0.24600581120189588
1 0.4876487366215936 0.24357579846168625 0.49501230768305987 0.24994011754318773
1 0.5564755845022377 0.24160864529104034 0.5647408173263324 0.24797296437254182
1 0.6274063098290149 0.24577438141711402 0.6341687730487289 0.25167584092905176
1 0.6882684788064403 0.24334436867690437 0.696383434670097 0.2485515388344965
1 0.7007414665228014 0.23860005808887602 0.7073536527820774 0.24427008781603188
1 0.3583088927010127 0.29660236061103185 0.3659177688008411 0.3027275923045785
1 0.4223790880416136 0.2938726377910817 0.43007442864257645 0.2991989262202527
1 0.4857575673731393 0.2920084368408718 0.4939716949809086 0.2988660331934295
1 0.5609816833600796 0.2952042098983744 0.5678123789496984 0.30073023414363936
1 0.6206421891428255 0.29367290197498774 0.6277322782358474 0.2997315550631698
1 0.6987196336672016 0.2991989262202527 0.7066743677715677 0.30492468628161157
1 0.34776584219445683 0.3453184309038869 0.3535392985590132 0.35107159154651496
1 0.4138209753065875 0.3451876772529181 0.42214154477315413 0.35028706964070205
1 0.48666841002407873 0.3489795331310139 0.490743790987295 0.3555172156794548
1 0.5581573844204979 0.3517253598013591 0.5622327653837141 0.35839379600076887
1 0.6231936722918244 0.3483257648761698 0.630835011597855 0.3532944036129849
1 0.6887393827835531 0.35015631598973324 0.6972297597902537 0.3561709839342989
1 0.34236353003991765 0.39938525994302887 0.3505561064356925 0.4048235123932335
1 0.4211817650199588 0.39797131430597565 0.428385582195554 0.40438845219721714
1 0.48078982086507954 0.4012342657760985 0.48898239726085446 0.4079776988143522
1 0.556500526867413 0.40101673567809026 0.5639868466773452 0.40721634347132357
1 0.629611578959299 0.40187115721124256 0.6365537408335128 0.4074348825944851
1 0.7008749957496967 0.401980249865816 0.7090922485803987 0.40819853117649874
1 0.3505455968193417 0.45367598275233784 0.3586008095488793 0.4591032589131935
1 0.41599420024683476 0.451460767992805 0.4234740406385482 0.4574418478435438
1 0.48244970526551995 0.45179305020673494 0.4906487610795136 0.45810641227140364
1 0.4871965270525689 0.45456206865615106 0.4943886812753703 0.4595463018651001
1 0.5533643459023421 0.4560019582498474 0.5604126570406874 0.4613184736727264
1 0.6261489466370925 0.4577741300574737 0.63348494394435 0.46286912400439945
1 0.6914537069801295 0.4579956515334271 0.6999404489630352 0.4641982528601192
1 0.3426028703773026 0.5083159027933563 0.35090346248620635 0.5118249869349277
1 0.42040057680977316 0.5063107118553154 0.428701168918677 0.5114490136340452
1 0.48062055877633 0.5081905783597288 0.4889211508852337 0.5140808267402237
1 0.48013228865227675 0.5130782312712033 0.48810736734514515 0.5177152353154227
1 0.5520707535961095 0.5086918760942389 0.5603713457050132 0.5149580977756165
1 0.6314960271087573 0.506436036288943 0.6380062954294661 0.5135795290057135
1 0.6931808194474736 0.5059347385544327 0.7003421146002532 0.5129529068375758
1 0.6904139554111722 0.562832031421342 0.697575250563952 0.5690982531027197
1 0.6240092185399422 0.5654638445275206 0.6300312167365978 0.5718553906425258
1 0.6210795977956232 0.5669677377310512 0.6279153795323674 0.5728579861115463
1 0.5501176730998968 0.5633333291558522 0.5571162115446588 0.5689729286690921
1 0.48794461063712746 0.5612028137841838 0.4954314192059426 0.5668424132974237
1 0.4186102530215782 0.5571924319081021 0.42528327805030486 0.5627067069877144
1 0.3443931941654975 0.5609521649169287 0.3518800027343127 0.5669677377310512
1 0.3450442209975684 0.6152176446776593 0.3510662191942241 0.6204812708900165
1 0.34992692223810007 0.6164708890139348 0.3552978936026848 0.6218598396599195
1 0.41063517432870994 0.61108193836795 0.4168199292333833 0.6167215378811899
1 0.4859915301409147 0.6145910225095215 0.4926645551696413 0.6209825686245267
1 0.5566279414206056 0.6137137514741287 0.5652540469455448 0.6191027021201134
1 0.5566279414206056 0.619478675420996 0.5637892365733853 0.6253689238014911
1 0.6192892740074282 0.6208572441908992 0.6277526228243497 0.6278754124740421
1 0.6900884419951367 0.6181001066510929 0.6983890341040406 0.6244916527660982
1 0.3452069777055861 0.6676032579339766 0.35057794907017087 0.6737441551817266
1 0.4125882548249226 0.6683552045357418 0.4197495499777023 0.6737441551817266
1 0.342928383793338 0.7181090046858806 0.34943865211404684 0.724124577500003
1 0.33918497950893045 0.7158531648805846 0.3476483283258519 0.7208661422256867
1 0.4107979310367277 0.7184849779867631 0.42007506339373774 0.725001848535396
1 0.48094607219236535 0.6663500135977011 0.4874563405130742 0.6714883153764307
1 0.48062055877633 0.6699844221729001 0.4863170435569502 0.67562402168614
1 0.5483273493117019 0.6672272846330939 0.5530472938442157 0.6728668841463338
1 0.5515824834720563 0.6708616932082929 0.5589065353328537 0.6766266171551604
1 0.48827012405316284 0.7266310661725541 0.4952686624979249 0.7318946923849114
1 0.5514197267640386 0.7217434132610796 0.5595575621649246 0.7290122304114777
1 0.6262878124521902 0.7211167910929418 0.6336118643129877 0.726129768438044
1 0.62059132767157 0.6658487158631908 0.6275898661163319 0.6713629909428032
1 0.6197775441314813 0.6746214262171195 0.6256367856201194 0.6810129723321248
1 0.6913904956592786 0.6718642886773134 0.6990400609361115 0.6768772660224155
1 0.6900884419951367 0.67562402168614 0.6965987103158456 0.680386350163987
1 0.683578173674428 0.7229966575973551 0.6926925493234204 0.7285109326769675
1 0.6816250931782154 0.7247511996681408 0.6902511987031545 0.7300148258804982
1 0.34218063891752504 0.7701942737328352 0.35014531782074365 0.7770214523839004
1 0.3454867320471629 0.7716985673339173 0.35254974918775306 0.7772528821686823
1 0.4103143199787437 0.7752349381101548 0.4181238465239528 0.7815248374994124
1 0.4159694943735503 0.7743363810545465 0.4224325508247578 0.7805571606702958
1 0.48248511701722757 0.7694288771354554 0.4896662908519026 0.7747510996955964
1 0.5479235635857037 0.7762717347127797 0.5551945020933121 0.7831837120636123
