1 0.356688596491228 0.0763157894736842 0.3634868421052631 0.08611111111111111
1 0.4328947368421052 0.07236842105263157 0.43903508771929817 0.08187134502923975
1 0.49291044776119397 0.07446102819237146 0.49999999999999994 0.08341625207296847
1 0.5656716417910448 0.06285240464344942 0.5723880597014924 0.07396351575456052
1 0.5638059701492536 0.07611940298507462 0.5705223880597013 0.08424543946932006
1 0.6259927797833935 0.06570397111913356 0.6322202166064982 0.07376654632972322
1 0.6298736462093862 0.07292418772563178 0.6373646209386281 0.07906137184115523
1 0.6929602888086642 0.0664259927797834 0.6992779783393501 0.0762936221419976
1 0.6992779783393501 0.07148014440433213 0.7049638989169675 0.07954271961492178
1 0.35296610169491527 0.15790960451977404 0.3603813559322034 0.16751412429378532
1 0.35 0.1669491525423729 0.3576271186440678 0.17485875706214693
1 0.4180084745762712 0.15706214689265538 0.4247881355932204 0.1669491525423729
1 0.425 0.15790960451977404 0.43156779661016953 0.1669491525423729
1 0.4883474576271187 0.1638418079096045 0.4957627118644068 0.17429378531073447
1 0.3586864406779661 0.25677966101694916 0.36567796610169495 0.26638418079096043
1 0.4226694915254237 0.2516949152542373 0.4298728813559322 0.2593220338983051
1 0.4860169491525424 0.24802259887005654 0.49385593220338986 0.2590395480225989
1 0.5567796610169492 0.16016949152542373 0.5648305084745763 0.1706214689265537
1 0.5610169491525424 0.2519774011299435 0.5677966101694916 0.26186440677966105
1 0.6279661016949153 0.16666666666666666 0.6341101694915254 0.17711864406779662
1 0.6209745762711865 0.25056497175141246 0.6279661016949153 0.2607344632768362
1 0.6885593220338982 0.16327683615819208 0.6961864406779662 0.17401129943502827
1 0.7006355932203391 0.1550847457627119 0.7078389830508475 0.1655367231638418
1 0.699364406779661 0.2598870056497175 0.7065677966101696 0.269774011299435
1 0.3476744186046512 0.3397932816537468 0.35426356589147284 0.3498708010335917
1 0.4133720930232558 0.34031007751937986 0.42228682170542636 0.34883720930232553
1 0.4872093023255814 0.3459948320413437 0.49205426356589144 0.3573643410852713
1 0.5589147286821705 0.35116279069767437 0.5625968992248062 0.3617571059431524
1 0.624031007751938 0.34547803617571055 0.6312015503875968 0.35322997416020674
1 0.6895348837209302 0.3485788113695091 0.6970930232558139 0.3578811369509044
1 0.701937984496124 0.43901808785529717 0.7094961240310077 0.4483204134366925
1 0.6302325581395348 0.43850129198966403 0.6374031007751938 0.4472868217054264
1 0.556782945736434 0.43720930232558136 0.5653100775193798 0.44677002583979325
1 0.4810077519379845 0.4382428940568476 0.488953488372093 0.44754521963824284
1 0.4215116279069767 0.4320413436692506 0.42887596899224806 0.44237726098191216
1 0.3430232558139535 0.43359173126614986 0.3503875968992248 0.44341085271317826
1 0.35193798449612407 0.5271317829457364 0.35910852713178293 0.5361757105943152
1 0.41724806201550385 0.5237726098191214 0.42383720930232555 0.5335917312661499
1 0.4875968992248062 0.5294573643410853 0.49496124031007754 0.537984496124031
1 0.4831395348837209 0.5248062015503876 0.4906976744186047 0.5348837209302325
1 0.5540697674418604 0.531266149870801 0.561046511627907 0.5403100775193799
1 0.6277131782945736 0.5348837209302325 0.6348837209302326 0.5436692506459948
1 0.6924418604651162 0.5354005167958656 0.7005813953488372 0.5454780361757106
1 0.6943798449612404 0.6186046511627907 0.7005813953488372 0.6304909560723514
1 0.6319767441860465 0.6198966408268733 0.6383720930232558 0.630749354005168
1 0.5529069767441861 0.6242894056847546 0.5602713178294573 0.6333333333333333
1 0.48120155038759693 0.6227390180878553 0.4893410852713178 0.6325581395348837
1 0.48139534883720925 0.6315245478036176 0.48875968992248064 0.6390180878552971
1 0.4211240310077519 0.6188630490956072 0.42829457364341084 0.6279069767441859
1 0.34360465116279065 0.6224806201550387 0.3523255813953488 0.6289405684754522
1 0.3453488372093023 0.7147286821705426 0.3531007751937984 0.7237726098191215
1 0.4195736434108527 0.7072351421188631 0.425968992248062 0.7165374677002584
1 0.4885658914728682 0.7131782945736435 0.4941860465116279 0.7214470284237726
1 0.49050387596899225 0.7180878552971576 0.4959302325581395 0.7237726098191215
1 0.5507751937984495 0.7180878552971576 0.5581395348837209 0.727390180878553
1 0.6246124031007751 0.7227390180878552 0.6302325581395348 0.7302325581395348
1 0.6232558139534883 0.7253229974160207 0.6302325581395348 0.7333333333333333
1 0.6912790697674418 0.7178294573643411 0.6984496124031008 0.7266149870801034
1 0.34587765957446803 0.8079787234042553 0.35226063829787235 0.8161347517730496
1 0.35132978723404257 0.8102836879432623 0.3570478723404255 0.8189716312056737
1 0.4113031914893617 0.801241134751773 0.41781914893617017 0.8102836879432623
1 0.48696808510638295 0.8078014184397163 0.49348404255319145 0.8168439716312056
1 0.5579787234042554 0.8051418439716311 0.5656914893617021 0.8140070921985815
1 0.5575797872340426 0.8150709219858155 0.5643617021276596 0.8242907801418439
1 0.6206117021276596 0.8184397163120567 0.6284574468085106 0.8296099290780141
1 0.6917553191489361 0.8127659574468085 0.6994680851063829 0.8228723404255318
1 0.3470779220779221 0.898917748917749 0.35243506493506493 0.9093073593073593
1 0.41347402597402594 0.9004329004329005 0.42159090909090907 0.908874458874459
1 0.4816558441558441 0.8963203463203463 0.4887987012987013 0.904978354978355
1 0.4823051948051948 0.9025974025974025 0.48733766233766235 0.9114718614718614
1 0.5498376623376623 0.8978354978354978 0.5542207792207793 0.9077922077922077
1 0.5527597402597403 0.904112554112554 0.560064935064935 0.9142857142857143
1 0.6204545454545455 0.911038961038961 0.6261363636363636 0.9209956709956709
1 0.6222402597402598 0.8952380952380953 0.6280844155844155 0.903896103896104
1 0.6926948051948052 0.9058441558441558 0.7001623376623377 0.914069264069264
1 0.6907467532467532 0.9129870129870129 0.698051948051948 0.9203463203463204
1 0.3408333333333333 0.9833333333333333 0.3471666666666667 0.9897777777777779
1 0.3441666666666667 0.9868888888888888 0.3501666666666667 0.9964444444444445
1 0.412 0.9868888888888888 0.41983333333333334 0.9971111111111112
1 0.6281779661016949 0.9926553672316384 0.6347457627118644 0.9988700564971752
1 0.552542372881356 0.9935028248587572 0.5603813559322034 0.9991525423728814
1 0.6872881355932204 0.9949152542372882 0.692528664007976 0.9996666666666667
0 0.298 0.0026666666666666666 0.7569365079365079 0.9996666666666667
