0 0.29659090909090907 0.9984848484848485 0.7563005621829152 1.5158245029548803e-16
1 0.353921568627451 0.0766884531590414 0.36127450980392156 0.08649237472766885
1 0.43088235294117644 0.07298474945533769 0.4377450980392157 0.08257080610021786
1 0.49052287581699344 0.07450980392156863 0.49722222222222223 0.08366013071895424
1 0.5630718954248366 0.06274509803921569 0.5700980392156862 0.07320261437908496
1 0.5616013071895425 0.07538126361655773 0.5684640522875817 0.08474945533769063
1 0.5545751633986927 0.16034858387799564 0.5627450980392157 0.16993464052287582
1 0.4861111111111111 0.16339869281045752 0.4933006535947712 0.1747276688453159
1 0.4155228758169935 0.15642701525054467 0.4233660130718954 0.1671023965141612
1 0.4223856209150327 0.15860566448801744 0.428921568627451 0.16775599128540306
1 0.6254901960784314 0.16623093681917211 0.6321895424836601 0.17734204793028324
1 0.6869281045751634 0.1627450980392157 0.6941176470588235 0.17276688453159042
1 0.697875816993464 0.1542483660130719 0.7055555555555555 0.16470588235294117
1 0.690359477124183 0.06579520697167757 0.6968954248366013 0.0766884531590414
1 0.6954248366013073 0.07080610021786492 0.7024509803921569 0.07995642701525053
1 0.6233660130718954 0.06601307189542484 0.6295751633986928 0.07363834422657951
1 0.6271241830065359 0.07124183006535947 0.6348039215686274 0.07886710239651415
1 0.351010101010101 0.15723905723905723 0.3585016835016835 0.16823793490460157
1 0.34739057239057236 0.16632996632996633 0.3561447811447811 0.17631874298540962
1 0.35711009174311925 0.25728848114169217 0.3645259938837921 0.26687054026503565
1 0.4215596330275229 0.2511722731906218 0.42752293577981654 0.2595310907237513
1 0.4843272171253823 0.2486238532110092 0.4915137614678899 0.25871559633027524
1 0.5590214067278287 0.2530071355759429 0.5659785932721713 0.2619775739041794
1 0.618730886850153 0.2503567787971458 0.6257645259938838 0.2600407747196738
1 0.697400611620795 0.25963302752293577 0.7045107033639143 0.26839959225280324
1 0.3466891891891892 0.3407207207207207 0.35202702702702704 0.35018018018018016
1 0.4121621621621621 0.3403603603603603 0.42 0.34873873873873873
1 0.48520270270270266 0.34648648648648644 0.489054054054054 0.35738738738738735
1 0.5566891891891892 0.3511711711711712 0.5613513513513514 0.36234234234234236
1 0.6219594594594595 0.34486486486486484 0.6292567567567567 0.3527027027027027
1 0.6881081081081081 0.3482882882882883 0.6949324324324324 0.35747747747747743
1 0.3416666666666667 0.4342592592592593 0.3497222222222222 0.4438888888888889
1 0.42 0.4318518518518518 0.4275 0.44277777777777777
1 0.48013888888888884 0.437962962962963 0.4875 0.44740740740740736
1 0.5555555555555556 0.437037037037037 0.5627777777777777 0.4462962962962963
1 0.62875 0.43777777777777777 0.6356944444444445 0.447037037037037
1 0.7001388888888889 0.43777777777777777 0.7075 0.4475925925925926
1 0.35111464968152867 0.5276008492569002 0.3581210191082802 0.5371549893842887
1 0.4156050955414013 0.5237791932059448 0.4226114649681529 0.5335456475583864
1 0.48200636942675157 0.5248407643312102 0.4893312101910828 0.5346072186836518
1 0.48630573248407644 0.5299363057324841 0.4926751592356688 0.5371549893842887
1 0.5527070063694267 0.5309978768577495 0.5592356687898089 0.5397027600849257
1 0.6253184713375796 0.5337579617834395 0.6326433121019108 0.5426751592356688
1 0.6910828025477707 0.5343949044585987 0.6992038216560509 0.5439490445859873
1 0.34348484848484845 0.623030303030303 0.3513636363636363 0.6288888888888888
1 0.4207575757575758 0.6191919191919192 0.42727272727272725 0.6278787878787878
1 0.4806060606060606 0.622020202020202 0.488030303030303 0.6317171717171717
1 0.4801515151515151 0.6309090909090909 0.48712121212121207 0.6381818181818182
1 0.5522727272727272 0.6232323232323231 0.5595454545454545 0.6325252525252525
1 0.6307575757575757 0.6195959595959595 0.6369696969696969 0.6296969696969696
1 0.6933333333333332 0.6185858585858585 0.6986363636363636 0.6292929292929292
1 0.3445 0.7136666666666667 0.35175 0.7236666666666667
1 0.41875 0.7063333333333334 0.425 0.716
1 0.4875 0.7143333333333334 0.4955 0.723
1 0.54975 0.7173333333333334 0.55725 0.7266666666666667
1 0.62375 0.721 0.6295 0.7306666666666667
1 0.6215 0.7236666666666667 0.62775 0.7333333333333333
1 0.68925 0.7153333333333334 0.69775 0.7263333333333334
1 0.34533450704225355 0.806924882629108 0.3513204225352113 0.8161971830985916
1 0.3500880281690141 0.8092723004694837 0.3561619718309859 0.8193661971830987
1 0.4108274647887324 0.8012910798122066 0.4170774647887324 0.8097417840375588
1 0.48670774647887327 0.8066901408450705 0.4928697183098592 0.8157276995305165
1 0.557218309859155 0.8143192488262911 0.5637323943661973 0.8238262910798123
1 0.5574823943661973 0.80481220657277 0.5648767605633803 0.813849765258216
1 0.6200704225352113 0.817018779342723 0.6277288732394367 0.8287558685446009
1 0.6910211267605635 0.8113849765258216 0.6976232394366197 0.8215962441314555
1 0.34575 0.8983333333333333 0.3515 0.909
1 0.4125 0.8993333333333333 0.42125 0.9096666666666666
1 0.481 0.896 0.48825 0.905
1 0.481 0.9016666666666666 0.48775 0.9116666666666666
1 0.54925 0.8966666666666666 0.55475 0.9066666666666666
1 0.55225 0.9026666666666666 0.55975 0.9126666666666666
1 0.3405 0.9816666666666667 0.348 0.99
1 0.344 0.986 0.3505 0.9963333333333333
1 0.41175 0.9866666666666667 0.4195 0.9973333333333333
1 0.55275 0.9923333333333333 0.55925 0.9993333333333333
1 0.62725 0.9906666666666667 0.63425 0.9983333333333333
1 0.68475 0.9926666666666667 0.6925 0.9996666666666667
1 0.622 0.8946666666666667 0.6285 0.904
1 0.6205 0.9106666666666666 0.62575 0.9203333333333333
1 0.69175 0.9036666666666666 0.6995 0.9123333333333333
1 0.6905 0.9106666666666666 0.6975 0.919
