0 0.2966666666666667 0.0011111111111111107 0.7496739733629302 0.9996666666666667
1 0.3529255319148936 0.00975177304964539 0.3601063829787234 0.019858156028368795
1 0.3501329787234042 0.09095744680851063 0.35744680851063826 0.10053191489361701
1 0.3472074468085106 0.1 0.35518617021276594 0.10833333333333334
1 0.41569148936170214 0.08900709219858155 0.4224734042553191 0.100354609929078
1 0.42220744680851063 0.09166666666666666 0.4284574468085106 0.10141843971631205
1 0.43085317460317457 0.005687830687830688 0.4365079365079365 0.014947089947089947
1 0.4855595667870036 0.09711191335740071 0.49259927797833936 0.10649819494584838
1 0.4902527075812274 0.0068592057761732855 0.49557761732851985 0.014801444043321298
1 0.5541516245487365 0.09326113116726835 0.5615523465703972 0.10300842358604093
1 0.5621841155234657 0.00012033694344163659 0.5691335740072202 0.0049338146811071
1 0.625 0.09929078014184396 0.63125 0.10957446808510637
1 0.6857712765957447 0.09414893617021276 0.6928191489361702 0.1051418439716312
1 0.6976063829787233 0.08617021276595745 0.7045212765957447 0.09663120567375885
1 0.6231382978723403 0.00017730496453900708 0.6288563829787234 0.00549645390070922
1 0.6259308510638297 0.004078014184397163 0.632845744680851 0.01028368794326241
1 0.6902925531914893 0.0 0.6965425531914893 0.007801418439716311
1 0.6954787234042552 0.0030141843971631206 0.7018617021276595 0.01152482269503546
1 0.35673469387755097 0.19047619047619044 0.36275510204081635 0.1987755102040816
1 0.42071428571428565 0.1842176870748299 0.426734693877551 0.19251700680272107
1 0.48381578947368414 0.18122807017543857 0.49065789473684207 0.19122807017543858
1 0.5589473684210526 0.18578947368421053 0.565 0.1945614035087719
1 0.6178947368421052 0.18315789473684208 0.6252631578947367 0.1924561403508772
1 0.6213157894736842 0.27789473684210525 0.628421052631579 0.28543859649122805
1 0.6880263157894736 0.2805263157894737 0.6946052631578947 0.28982456140350876
1 0.6969736842105262 0.1924561403508772 0.7036842105263157 0.2005263157894737
1 0.34571240105540896 0.27326297273526823 0.3513852242744063 0.2836411609498681
1 0.4118733509234829 0.2727352682497801 0.4191292875989446 0.2815303430079156
1 0.4844036697247706 0.2793068297655454 0.4898318042813456 0.29021406727828747
1 0.5562691131498471 0.2836901121304791 0.561085626911315 0.2946992864424057
1 0.3405505952380952 0.3669642857142857 0.34873511904761906 0.3771825396825397
1 0.41964285714285715 0.36488095238095236 0.4264136904761905 0.3751984126984127
1 0.4793154761904762 0.37043650793650795 0.4861607142857143 0.38005952380952385
1 0.5551339285714285 0.36964285714285716 0.5622767857142857 0.37896825396825395
1 0.6279761904761905 0.3699404761904762 0.6346726190476191 0.37956349206349205
1 0.6994791666666668 0.37023809523809526 0.7067708333333333 0.3807539682539683
1 0.35 0.4610601427115189 0.3568807339449541 0.47023445463812436
1 0.4149082568807339 0.4567787971457696 0.4219418960244648 0.4664627930682977
1 0.486085626911315 0.46258919469928644 0.4923547400611621 0.4703363914373089
1 0.48142201834862386 0.4577981651376147 0.4888379204892966 0.4672782874617737
1 0.5519113149847095 0.46411824668705404 0.5584862385321101 0.472579001019368
1 0.6249235474006116 0.46656472986748215 0.6324159021406728 0.47543323139653415
1 0.6909785932721713 0.4673802242609582 0.6984709480122324 0.47696228338430174
1 0.34204918032786885 0.5560655737704918 0.35057377049180327 0.5615300546448087
1 0.41983606557377046 0.5522404371584699 0.4269672131147541 0.5605464480874317
1 0.4800819672131147 0.5553005464480874 0.48737704918032787 0.5643715846994535
1 0.47983606557377045 0.5636065573770491 0.48672131147540976 0.5706010928961748
1 0.5515573770491803 0.5565027322404371 0.5588524590163934 0.5652459016393442
1 0.34348591549295776 0.647887323943662 0.3507042253521127 0.6565727699530517
1 0.41813380281690143 0.6396713615023474 0.42429577464788737 0.6495305164319249
1 0.4869718309859155 0.6464788732394366 0.4945422535211268 0.6561032863849765
1 0.5492957746478874 0.6502347417840376 0.5563380281690141 0.6600938967136151
1 0.622887323943662 0.6549295774647887 0.6288732394366198 0.6640845070422535
1 0.6211267605633803 0.6565727699530517 0.6276408450704225 0.6657276995305165
1 0.6892605633802817 0.6488262910798123 0.6970070422535212 0.6591549295774648
1 0.6929577464788732 0.5504694835680751 0.6984154929577465 0.5615023474178403
1 0.6304577464788732 0.5518779342723005 0.6359154929577465 0.5624413145539906
1 0.34378109452736316 0.7402985074626864 0.35099502487562184 0.7500829187396351
1 0.34900497512437806 0.7427860696517412 0.3552238805970149 0.7520729684908788
1 0.4099502487562189 0.7338308457711441 0.41679104477611933 0.7429519071310114
1 0.3453980099502487 0.8315091210613598 0.3504975124378109 0.8427860696517413
1 0.41256218905472636 0.832669983416252 0.41977611940298504 0.8412935323383084
1 0.34054726368159205 0.9157545605306798 0.34651741293532334 0.9233830845771143
1 0.34315920398009947 0.919568822553897 0.34900497512437806 0.9293532338308457
1 0.411318407960199 0.9203980099502487 0.4186567164179104 0.9288557213930347
1 0.48543046357615893 0.7392935982339957 0.491887417218543 0.7492273730684327
1 0.48029801324503313 0.8282560706401766 0.48774834437086095 0.8368653421633555
1 0.4812913907284768 0.8344370860927152 0.48658940397350997 0.8450331125827814
1 0.5488410596026491 0.8302428256070641 0.5533112582781458 0.8392935982339956
1 0.5516556291390728 0.836644591611479 0.5584437086092715 0.8463576158940397
1 0.5565265486725662 0.737315634218289 0.5641592920353982 0.7469026548672565
1 0.5561946902654866 0.7473451327433627 0.5629424778761062 0.7569321533923303
1 0.6196902654867256 0.7502949852507373 0.6265486725663716 0.7616519174041297
1 0.6899484536082474 0.7450171821305842 0.6981958762886599 0.7532646048109966
1 0.6203608247422681 0.8274914089347079 0.6280927835051546 0.8357388316151203
1 0.6195876288659794 0.8422680412371134 0.6252577319587629 0.8522336769759451
1 0.6914948453608248 0.8371134020618557 0.6987113402061855 0.845360824742268
1 0.6904639175257732 0.8432989690721651 0.6969072164948453 0.8518900343642611
1 0.6837628865979382 0.924742268041237 0.6925257731958764 0.9340206185567012
1 0.6829896907216495 0.9292096219931271 0.6904639175257732 0.9378006872852234
1 0.6262886597938144 0.9237113402061856 0.6332474226804123 0.9316151202749141
1 0.5505154639175258 0.925085910652921 0.5600515463917526 0.9367697594501718
1 0.48840206185567014 0.9329896907216495 0.4945876288659794 0.9419243986254296
