0 0.20379507797270952 0.04883954678362572 0.8220942982456141 0.9054733187134503
1 0.27020343411720793 0.10556644270250093 0.28225706109244747 0.11198208286674131
1 0.3619665297996765 0.10119214259051884 0.37324250342167475 0.11023236282194848
1 0.44050951847704367 0.1070245427398283 0.4490637053626975 0.11577314296379246
1 0.5427709344282693 0.10235862262038073 0.5513251213139231 0.109940742814483
1 0.45995085230807514 0.16709826427771554 0.46772738584048773 0.17643010451661065
1 0.27564700758989674 0.16505692422545723 0.28653415453527437 0.17234742441209405
1 0.3631330098295384 0.23592058603956698 0.370909543361951 0.24350270623366926
1 0.4490637053626975 0.22892170586039565 0.45761789224835137 0.23767030608435982
1 0.5357720542490979 0.23067142590518847 0.5466592011944755 0.23737868607689433
1 0.5388826676620629 0.17118094438223216 0.5497698146074406 0.17934630459126538
1 0.27525818091327614 0.2356289660321015 0.2845900211521712 0.24262784621127284
1 0.27175874082369045 0.24029488615154906 0.27992410103272364 0.24641890630832397
1 0.615481522956327 0.15018430384471818 0.6236468831653602 0.15659994400895855
1 0.6205362697523952 0.1078994027622247 0.6325898967276347 0.11402342291899963
1 0.722408859027 0.09769270250093318 0.7317406992658952 0.10527482269503545
1 0.7103552320517605 0.1688479843225084 0.720464725643897 0.1773049645390071
1 0.7173541122309319 0.22804684583799925 0.7309630459126539 0.23533734602463605
1 0.6224804031354982 0.23242114594998134 0.6333675500808759 0.2397116461366181
1 0.6384222968769441 0.2887038073908174 0.6477541371158393 0.29482782754759235
1 0.5365497076023392 0.28957866741321386 0.5470480278710962 0.2971607876073162
1 0.5423821077516486 0.3000769876819709 0.5517139479905437 0.30590938783128035
1 0.4513966654224213 0.29336972751026497 0.4591731989548339 0.30153508771929827
1 0.3573006096802289 0.3006602276969018 0.36818775662560654 0.30649262784621123
1 0.27331404753017297 0.3006602276969018 0.28381236779892993 0.3079507278835386
1 0.2632045539380366 0.36977416946621866 0.27564700758989674 0.3761898096304591
1 0.3666324499191241 0.3624836692795819 0.3763531168346398 0.3691909294512878
1 0.4521743187756625 0.35577640910787606 0.46345029239766083 0.3639417693169093
1 0.4490637053626975 0.36452500933184023 0.4587843722782133 0.3721071295259425
1 0.5423821077516486 0.3610255692422546 0.5536580813736468 0.3691909294512878
1 0.635311683463979 0.3636501493094438 0.6477541371158393 0.3709406494960806
1 0.7173541122309319 0.36160880925718547 0.7294077392061714 0.3691909294512878
1 0.722408859027 0.42459873086972744 0.7325183526191364 0.4318892310563643
1 0.6357005101405997 0.4295562709966405 0.6465876570859773 0.4368467711832773
1 0.5466592011944755 0.4280981709593132 0.5563798681099913 0.4359719111608809
1 0.7185205922607938 0.4937126726390444 0.7301853925594127 0.502169652855543
1 0.7212423789971383 0.8395740014930945 0.7329071792957571 0.8468645016797313
1 0.6423105636431504 0.8419069615528182 0.653197710588528 0.8497807017543859
1 0.5493809879308199 0.8363661814109742 0.5614346149060595 0.8459896416573348
1 0.45995085230807514 0.8384075214632325 0.4700603459002115 0.8477393617021276
1 0.4545072788353864 0.8349080813736468 0.46500559910414335 0.8433650615901455
1 0.37285367674505415 0.8381159014557671 0.3810190369540873 0.8459896416573348
1 0.3557453029737464 0.8404488615154908 0.3666324499191241 0.8500723217618513
1 0.2721475675003111 0.8363661814109742 0.28147940773920616 0.8459896416573348
1 0.27020343411720793 0.7690019596864501 0.27953527435610304 0.7774589399029488
1 0.36896540997884786 0.7713349197461739 0.38218551698394926 0.7795002799552071
1 0.4525631454522832 0.7730846397909668 0.46150615901455766 0.780083519970138
1 0.5532692546970263 0.7698768197088465 0.5633787482891626 0.7792086599477416
1 0.636478163493841 0.7707516797312429 0.6493094438223217 0.7795002799552071
1 0.7220200323503795 0.7666689996267264 0.7317406992658952 0.7751259798432251
1 0.26839486776643096 0.7030363533211136 0.2771231561490791 0.7091734310901632
1 0.36640627272991766 0.7019453172732826 0.37822582991475373 0.7079460155363533
1 0.4549620319455354 0.7011270402374093 0.4633266416455733 0.7075368770184166
1 0.549700328765529 0.7012634197433882 0.5567920630764306 0.7090370515841843
1 0.5558828663699048 0.7012634197433882 0.5627927613395013 0.7087642925722265
1 0.6375287306159261 0.6918532338308457 0.6466206976811847 0.6996268656716417
1 0.7288120799511215 0.6943080649384654 0.7393587617468214 0.7008542812254516
1 0.27303471802110646 0.6370614035087719 0.28332745177119045 0.6446234119782214
1 0.2845877865160987 0.6307597297842307 0.2957207434294549 0.6384792800967937
1 0.3690302144249513 0.6343831921758418 0.37869278080258123 0.6427329098608591
1 0.45410280970625805 0.6361161524500908 0.4646055992471601 0.6430479935470861
1 0.5486279155743766 0.6260334744908248 0.5547195335080999 0.635013359548296
1 0.6376915708812261 0.6298144787255495 0.6450435235598575 0.637376487194999
1 0.7198054660460675 0.6249776226279986 0.729203962286669 0.632921589688507
1 0.7222121856892422 0.5610973945160384 0.7323323564441233 0.5677465976153196
1 0.7289868454507741 0.5570827813240194 0.7366815207354771 0.5632928861054237
1 0.631991233494993 0.5610037675357225 0.6415524742592412 0.5689375630635028
1 0.6310013483622701 0.4984632078901918 0.6410383146986637 0.5054938187437505
1 0.5416079260651628 0.4947263993316625 0.5520506996658312 0.5006820436507937
1 0.27535784406865543 0.42879734308695927 0.28591371630037793 0.4365163246564064
1 0.3700967973483649 0.4229586262587878 0.3809165663858805 0.4302817626195453
1 0.451951192082771 0.43316373867360713 0.46008450613713764 0.43888718189705034
1 0.2671219923772948 0.49642140176311417 0.2765776381251636 0.5046041721218468
1 0.3633150039277297 0.5020129615082481 0.37258881033429336 0.50787728026534
1 0.4495684322986954 0.4945307228407557 0.45853013945119203 0.502108636977058
1 0.2732930298719773 0.5694839576418523 0.2854762657394237 0.5741761498340445
1 0.36516121384542444 0.5613343606764659 0.3743809599072757 0.5687430851904535
1 0.44912675833728477 0.566026552868658 0.45768795110900384 0.5736822348664453
1 0.5409949423107319 0.5635569780306622 0.5518610715979138 0.5717065749960486
