0 0.29523809523809524 0.0015873015873015674 0.7552533476265703 0.9996666666666667
1 0.3533653846153846 0.05 0.360576923076923 0.05929487179487179
1 0.34975961538461536 0.05801282051282051 0.3581730769230769 0.06698717948717949
1 0.41875 0.05 0.4254807692307692 0.06025641025641026
1 0.425 0.051923076923076926 0.43125 0.06057692307692308
1 0.4879807692307692 0.05608974358974359 0.49495192307692304 0.0673076923076923
1 0.5567307692307691 0.05352564102564102 0.5641826923076922 0.06314102564102564
1 0.3591346153846154 0.1483974358974359 0.365625 0.15833333333333333
1 0.4233173076923077 0.14294871794871794 0.42932692307692305 0.1519230769230769
1 0.48605769230769225 0.14038461538461539 0.49350961538461535 0.15128205128205127
1 0.5608173076923076 0.14583333333333334 0.567548076923077 0.15544871794871792
1 0.34806763285024156 0.23268921095008044 0.3532608695652174 0.24202898550724633
1 0.41400966183574883 0.2318840579710144 0.4213768115942029 0.2410628019323671
1 0.6282894736842105 0.05921052631578947 0.6338815789473684 0.06973684210526317
1 0.6891447368421052 0.056140350877192984 0.6953947368421052 0.06578947368421054
1 0.7009868421052631 0.04736842105263158 0.7075657894736842 0.05701754385964913
1 0.6993421052631579 0.15263157894736842 0.7069078947368421 0.16228070175438594
1 0.6203947368421052 0.14342105263157895 0.6276315789473684 0.15263157894736842
1 0.6898026315789474 0.24122807017543862 0.6963815789473684 0.25043859649122807
1 0.6233552631578947 0.23815789473684212 0.6305921052631579 0.24605263157894736
1 0.5578947368421052 0.24385964912280703 0.562828947368421 0.2548245614035088
1 0.4861842105263158 0.23903508771929824 0.4914473684210526 0.24956140350877196
1 0.7016447368421052 0.3307017543859649 0.7085526315789474 0.34078947368421053
1 0.6302631578947369 0.3307017543859649 0.6358552631578946 0.3394736842105263
1 0.5569078947368421 0.3298245614035088 0.5644736842105263 0.3394736842105263
1 0.48092105263157897 0.32938596491228067 0.48815789473684207 0.3399122807017544
1 0.42105263157894735 0.3236842105263158 0.4289473684210526 0.3350877192982456
1 0.3424342105263158 0.32587719298245615 0.35098684210526315 0.3364035087719298
1 0.35165441176470585 0.41960784313725485 0.3584558823529412 0.42867647058823527
1 0.41672794117647055 0.416421568627451 0.4231617647058823 0.4259803921568627
1 0.48290441176470583 0.4166666666666667 0.49044117647058816 0.42720588235294116
1 0.48749999999999993 0.4220588235294117 0.4935661764705882 0.4301470588235293
1 0.5534926470588235 0.4245098039215686 0.5602941176470588 0.43259803921568624
1 0.6259191176470588 0.42720588235294116 0.6338235294117647 0.43578431372549015
1 0.6919117647058823 0.42769607843137253 0.7 0.438235294117647
1 0.3431654676258992 0.5151079136690647 0.35107913669064744 0.5201438848920863
1 0.4210431654676258 0.5115107913669065 0.42805755395683454 0.5201438848920863
1 0.481115107913669 0.5148681055155875 0.4883093525179856 0.5242206235011989
1 0.48057553956834526 0.5230215827338129 0.4872302158273381 0.5306954436450839
1 0.5526978417266186 0.516546762589928 0.5600719424460431 0.5258992805755396
1 0.6314748201438848 0.5117505995203837 0.6374100719424459 0.5230215827338129
1 0.693705035971223 0.511031175059952 0.6992805755395683 0.5225419664268585
1 0.6906474820143884 0.6095923261390886 0.6973021582733813 0.6196642685851318
1 0.6233812949640287 0.6146282973621103 0.628956834532374 0.6239808153477218
1 0.6215827338129496 0.6167865707434051 0.6276978417266187 0.6266187050359712
1 0.55 0.611031175059952 0.5571942446043165 0.6199040767386091
1 0.4879496402877697 0.606714628297362 0.49514388489208633 0.6160671462829735
1 0.418705035971223 0.5992805755395683 0.4253597122302158 0.608872901678657
1 0.34460431654676255 0.606714628297362 0.3514388489208633 0.6153477218225419
1 0.34479166666666666 0.699826388888889 0.3510416666666667 0.7085069444444445
1 0.35 0.7020833333333333 0.3555989583333334 0.710763888888889
1 0.41067708333333336 0.6934027777777778 0.4166666666666667 0.7024305555555557
1 0.4865885416666667 0.7 0.4911458333333334 0.7083333333333334
1 0.556640625 0.7079861111111112 0.5634114583333334 0.7173611111111111
1 0.55703125 0.6980902777777779 0.5647135416666668 0.7071180555555556
1 0.6196614583333334 0.7104166666666667 0.626953125 0.721701388888889
1 0.6908854166666667 0.7055555555555556 0.6977864583333334 0.7151041666666667
1 0.34588607594936704 0.791139240506329 0.35063291139240504 0.8008438818565401
1 0.4120253164556962 0.7928270042194093 0.4199367088607595 0.8012658227848101
1 0.4806962025316456 0.7886075949367088 0.4873417721518987 0.7970464135021096
1 0.4806962025316456 0.7945147679324894 0.4863924050632911 0.8042194092827003
1 0.5487341772151899 0.7898734177215189 0.5525316455696202 0.79957805907173
1 0.5518987341772151 0.7970464135021096 0.5582278481012658 0.8050632911392406
1 0.3395569620253165 0.8746835443037975 0.34556962025316457 0.8818565400843882
1 0.34335443037974683 0.878902953586498 0.34873417721518984 0.8881856540084387
1 0.4110759493670886 0.879746835443038 0.4193037974683544 0.8890295358649789
1 0.48860759493670886 0.8928270042194093 0.49556962025316453 0.90126582278481
1 0.342485549132948 0.9682080924855492 0.3495664739884393 0.9789980732177264
1 0.34566473988439306 0.9705202312138728 0.3514450867052023 0.9805394990366088
1 0.41127167630057804 0.9791907514450868 0.41820809248554913 0.9888246628131022
1 0.4144508670520231 0.9757225433526011 0.421242774566474 0.9847784200385357
1 0.48193641618497113 0.9678227360308285 0.49002890173410407 0.9755298651252409
1 0.5517341040462428 0.8845857418111753 0.5583815028901735 0.8961464354527938
1 0.5479768786127167 0.9795761078998074 0.5540462427745665 0.9903660886319846
1 0.6268786127167629 0.8851637764932563 0.6328034682080924 0.8919075144508671
1 0.6211783439490446 0.7887473460721869 0.6270700636942674 0.7961783439490445
1 0.6200636942675158 0.8038216560509555 0.6253184713375796 0.8129511677282377
1 0.6914012738853503 0.7980891719745223 0.6992038216560509 0.8063694267515924
1 0.690764331210191 0.8050955414012739 0.6969745222929936 0.8123142250530785
1 0.6845959595959595 0.8879910213243546 0.6914141414141414 0.8957351290684623
1 0.6821548821548821 0.8896745230078563 0.6897306397306397 0.8982042648709315
