0 0.215 0.0 0.712342469545958 0.9996666666666667
1 0.2816220238095238 0.05853174603174603 0.2902529761904762 0.06765873015873015
1 0.34459459459459457 0.05351351351351351 0.352972972972973 0.06252252252252252
1 0.2808108108108108 0.15783783783783784 0.28810810810810805 0.169009009009009
1 0.3477027027027027 0.1517117117117117 0.35689189189189185 0.16234234234234235
1 0.3501351351351351 0.1654054054054054 0.3567567567567567 0.1744144144144144
1 0.4163513513513514 0.1517117117117117 0.4244594594594594 0.16288288288288288
1 0.41864864864864865 0.058198198198198194 0.42689189189189186 0.06972972972972973
1 0.49148648648648646 0.055675675675675676 0.49932432432432433 0.06648648648648649
1 0.49567567567567566 0.061801801801801795 0.5037837837837837 0.07099099099099099
1 0.4995945945945946 0.1488288288288288 0.5062162162162162 0.15873873873873873
1 0.27340425531914897 0.26382978723404255 0.28138297872340423 0.2728723404255319
1 0.3481382978723404 0.2648936170212766 0.3557180851063829 0.27588652482269505
1 0.42101063829787233 0.2517730496453901 0.4269946808510638 0.26134751773049647
1 0.42739361702127654 0.2627659574468085 0.43550531914893614 0.2723404255319149
1 0.41702127659574467 0.2524822695035461 0.4228723404255319 0.26099290780141843
1 0.4981382978723404 0.2533687943262411 0.5035904255319149 0.2620567375886525
1 0.5636061946902654 0.05722713864306784 0.5692477876106194 0.06651917404129792
1 0.5759955752212388 0.051622418879056046 0.5826327433628318 0.06268436578171091
1 0.6438053097345132 0.05737463126843657 0.6511061946902654 0.06858407079646017
1 0.6396017699115043 0.14749262536873153 0.6459070796460177 0.15943952802359881
1 0.6491150442477875 0.1547197640117994 0.654424778761062 0.16327433628318583
1 0.5642699115044247 0.15176991150442476 0.5731194690265485 0.1607669616519174
1 0.5682108626198084 0.2522896698615549 0.5761980830670926 0.25985090521831733
1 0.5781150159744409 0.25921192758253464 0.5850638977635784 0.2668796592119276
1 0.6527156549520766 0.25559105431309903 0.6579872204472843 0.2670926517571885
1 0.6503194888178914 0.2501597444089457 0.6579872204472843 0.2577209797657082
1 0.6461283185840707 0.343952802359882 0.6537610619469026 0.35324483775811205
1 0.6365044247787609 0.3535398230088495 0.6448008849557522 0.36327433628318584
1 0.5793141592920353 0.35781710914454273 0.585287610619469 0.3657817109144542
1 0.5675884955752212 0.34690265486725663 0.5755530973451326 0.35693215339233036
1 0.4972345132743362 0.3463126843657817 0.5051991150442477 0.3557522123893805
1 0.4856194690265486 0.3486725663716814 0.494358407079646 0.35619469026548667
1 0.4266592920353982 0.3458702064896755 0.43539823008849554 0.3544247787610619
1 0.42267699115044244 0.3567846607669616 0.428429203539823 0.3703539823008849
1 0.3505530973451327 0.34911504424778755 0.35774336283185837 0.3595870206489675
1 0.34834070796460176 0.3548672566371681 0.3548672566371681 0.36489675516224185
1 0.2800884955752212 0.36150442477876105 0.2873893805309734 0.3721238938053097
1 0.27609561752988043 0.4561752988047808 0.2837649402390438 0.46600265604249663
1 0.2725099601593626 0.4636122177954847 0.2787848605577689 0.47197875166002656
1 0.35059760956175295 0.45458167330677285 0.35776892430278884 0.46573705179282865
1 0.35597609561752985 0.4609561752988047 0.36374501992031866 0.47065073041168654
1 0.4251992031872509 0.45086321381142097 0.4330677290836653 0.46215139442231074
1 0.42788844621513944 0.4438247011952191 0.4334661354581673 0.45099601593625493
1 0.5031872509960159 0.44780876494023897 0.5098605577689242 0.4577689243027888
1 0.5715139442231075 0.45431606905710487 0.5794820717131474 0.46547144754316067
1 0.6473107569721115 0.4602921646746348 0.6547808764940238 0.46972111553784857
1 0.6457171314741036 0.4452855245683931 0.6551792828685259 0.4525896414342629
1 0.2785856573705179 0.5620185922974767 0.2842629482071713 0.5717131474103585
1 0.2769920318725099 0.5543160690571048 0.2850597609561753 0.5630810092961487
1 0.35059760956175295 0.5486055776892429 0.3575697211155378 0.5590969455511288
1 0.42430278884462147 0.5569721115537849 0.4329681274900398 0.5644090305444887
1 0.5027888446215139 0.5541832669322708 0.5096613545816733 0.5648074369189906
1 0.5744023904382469 0.5444887118193891 0.5812749003984063 0.5529880478087649
1 0.5746015936254979 0.5567065073041167 0.5805776892430279 0.5674634794156707
1 0.644223107569721 0.5598937583001328 0.6510956175298804 0.5707835325365206
1 0.6539840637450198 0.5503320053120849 0.6606573705179283 0.5602921646746347
1 0.27464285714285713 0.6583333333333332 0.2826785714285714 0.6685714285714285
1 0.3471428571428571 0.6521428571428571 0.35357142857142854 0.6619047619047619
1 0.34821428571428564 0.6649999999999999 0.3555357142857143 0.6702380952380952
1 0.3449999999999999 0.7511904761904762 0.35357142857142854 0.7602380952380952
1 0.3483928571428571 0.7592857142857142 0.3558928571428571 0.77
1 0.2758928571428571 0.7523809523809523 0.28482142857142856 0.7628571428571428
1 0.4244642857142857 0.7552380952380952 0.4314285714285714 0.7654761904761904
1 0.42410714285714285 0.6464285714285714 0.43160714285714286 0.6547619047619047
1 0.4214285714285714 0.6538095238095237 0.42910714285714285 0.6638095238095237
1 0.5008928571428571 0.6485714285714285 0.5080357142857143 0.6569047619047619
1 0.5035714285714284 0.7502380952380951 0.5107142857142857 0.7597619047619047
1 0.4992857142857142 0.7626190476190475 0.5069642857142856 0.7738095238095237
1 0.5678571428571427 0.6614285714285714 0.5758928571428571 0.6719047619047619
1 0.5758928571428571 0.6428571428571428 0.5816071428571428 0.6499999999999999
1 0.6576785714285713 0.7416666666666667 0.6651785714285713 0.7516666666666667
1 0.6428571428571428 0.6407142857142857 0.6491071428571428 0.6492857142857142
1 0.6478571428571428 0.6526190476190475 0.6553571428571427 0.663095238095238
1 0.5726148409893992 0.753474676089517 0.5803886925795052 0.7619552414605418
1 0.3446933962264151 0.8647798742138364 0.35176886792452833 0.8735849056603773
1 0.4251179245283018 0.8496855345911949 0.43136792452830186 0.8562893081761006
1 0.4281839622641509 0.8633647798742138 0.43643867924528296 0.8731132075471698
1 0.503066037735849 0.8577044025157232 0.5080188679245282 0.8687106918238994
1 0.5793632075471697 0.8484276729559749 0.5871462264150944 0.8569182389937107
1 0.6508254716981131 0.8468553459119497 0.6586084905660378 0.8580188679245283
1 0.27443181818181817 0.9571969696969697 0.2838068181818182 0.9678030303030303
1 0.3559659090909091 0.9515151515151515 0.3625 0.9609848484848486
1 0.42926136363636364 0.9556818181818182 0.43721590909090907 0.9651515151515152
1 0.5051136363636364 0.956060606060606 0.5125 0.9674242424242425
1 0.5778409090909091 0.9473484848484849 0.5840909090909091 0.9575757575757575
1 0.65 0.9465909090909091 0.6565340909090909 0.9571969696969697
1 0.6539772727272728 0.940530303030303 0.6599431818181819 0.9503787878787878
