0 0.215 0.0011111111111111107 0.7128924343322235 0.9996666666666667
1 0.2808510638297872 0.06241134751773049 0.2867021276595744 0.06950354609929078
1 0.35319148936170214 0.0574468085106383 0.3590425531914893 0.06631205673758865
1 0.4252659574468085 0.05815602836879433 0.4319148936170213 0.0673758865248227
1 0.27632978723404256 0.15886524822695036 0.2808510638297872 0.1677304964539007
1 0.350531914893617 0.15638297872340423 0.35531914893617017 0.16382978723404254
1 0.4194148936170213 0.15992907801418438 0.425 0.16666666666666666
1 0.49175531914893617 0.15567375886524823 0.49867021276595747 0.16347517730496453
1 0.5018617021276596 0.2475177304964539 0.5071808510638298 0.25851063829787235
1 0.4239361702127659 0.2542553191489361 0.4305851063829787 0.2624113475177305
1 0.3502659574468085 0.25886524822695034 0.3579787234042553 0.2673758865248227
1 0.2728723404255319 0.2645390070921986 0.27925531914893614 0.27411347517730494
1 0.49594017094017095 0.05726495726495726 0.5014957264957265 0.06723646723646724
1 0.5728632478632479 0.0566951566951567 0.5790598290598291 0.06666666666666667
1 0.5737179487179487 0.15669515669515668 0.5805555555555555 0.16695156695156696
1 0.5705128205128206 0.25470085470085474 0.5797008547008548 0.2621082621082621
1 0.6480769230769231 0.25242165242165243 0.6564102564102565 0.2601139601139601
1 0.6395299145299146 0.15840455840455842 0.645940170940171 0.16894586894586897
1 0.6523504273504274 0.15954415954415954 0.6598290598290598 0.16980056980056982
1 0.6386752136752137 0.05527065527065527 0.6461538461538462 0.06381766381766382
1 0.6427350427350427 0.06125356125356126 0.6504273504273504 0.0698005698005698
1 0.28115384615384614 0.3638461538461538 0.2873076923076923 0.37333333333333335
1 0.3513461538461538 0.34923076923076923 0.3582692307692308 0.3566666666666667
1 0.3488461538461538 0.35410256410256413 0.35538461538461535 0.36487179487179483
1 0.42403846153846153 0.3546153846153846 0.43153846153846154 0.36410256410256414
1 0.35 0.44589743589743586 0.3573076923076923 0.4546153846153846
1 0.4213461538461538 0.45410256410256405 0.4282692307692308 0.4625641025641025
1 0.4994230769230769 0.44717948717948713 0.505576923076923 0.4576923076923077
1 0.493076923076923 0.34897435897435897 0.4998076923076923 0.35717948717948717
1 0.4975 0.3564102564102564 0.5030769230769231 0.36564102564102563
1 0.5728846153846153 0.44487179487179485 0.5794230769230769 0.4543589743589744
1 0.5778846153846153 0.3546153846153846 0.5842307692307692 0.3638461538461538
1 0.6446153846153846 0.3507692307692308 0.6507692307692308 0.3558974358974359
1 0.6538461538461539 0.55 0.6607692307692307 0.5602564102564103
1 0.6444230769230769 0.5597435897435897 0.6513461538461538 0.5705128205128205
1 0.5743489583333333 0.5447916666666667 0.58125 0.553125
1 0.574609375 0.5569444444444445 0.5802083333333333 0.5675347222222222
1 0.5026041666666667 0.5538194444444445 0.5098958333333333 0.5652777777777779
1 0.4244791666666667 0.5569444444444445 0.4328125 0.5640625
1 0.35078125 0.5487847222222223 0.3576822916666667 0.5590277777777778
1 0.27864583333333337 0.5623263888888889 0.2841145833333334 0.5720486111111112
1 0.2774739583333334 0.5541666666666667 0.2854166666666667 0.5640625
1 0.27477064220183484 0.6581039755351682 0.2824923547400612 0.6683995922528033
1 0.3465596330275229 0.6511722731906218 0.35328746177370035 0.6620795107033639
1 0.3481651376146789 0.6648318042813456 0.3559633027522936 0.6703363914373089
1 0.42415902140672784 0.6468909276248725 0.43149847094801225 0.6549439347604485
1 0.42110091743119266 0.6539245667686034 0.42897553516819575 0.6640163098878695
1 0.500611620795107 0.6482161060142712 0.5084097859327217 0.6573904179408767
1 0.5679663608562692 0.6616717635066259 0.5759174311926605 0.6713557594291539
1 0.5755351681957186 0.6428134556574924 0.581651376146789 0.6502548419979612
1 0.6431192660550459 0.6407747196738023 0.6490061162079511 0.6492354740061161
1 0.64717125382263 0.6524974515800204 0.6551987767584098 0.663098878695209
1 0.27097457627118643 0.4652542372881356 0.27860169491525427 0.47259887005649714
1 0.2769230769230769 0.7532051282051283 0.28389423076923076 0.7615384615384616
1 0.344951923076923 0.7516025641025641 0.3533653846153846 0.7596153846153846
1 0.3483173076923077 0.7596153846153846 0.3555288461538461 0.7701923076923076
1 0.42427884615384615 0.7548076923076922 0.43125 0.7647435897435897
1 0.503125 0.7496794871794872 0.5103365384615385 0.760576923076923
1 0.49903846153846154 0.7621794871794871 0.5072115384615384 0.7737179487179487
1 0.425 0.8493589743589743 0.43173076923076925 0.8567307692307692
1 0.42908653846153844 0.8621794871794871 0.43653846153846154 0.873076923076923
1 0.3444711538461538 0.8650641025641025 0.35144230769230766 0.8733974358974359
1 0.5024038461538461 0.8573717948717947 0.5081730769230769 0.8682692307692308
1 0.5728365384615385 0.7512820512820513 0.5807692307692307 0.7618589743589743
1 0.6574519230769231 0.7423076923076922 0.6653846153846154 0.7522435897435897
1 0.651201923076923 0.8471153846153846 0.6584134615384616 0.8576923076923076
1 0.5795673076923076 0.8487179487179487 0.5875 0.8570512820512821
1 0.6495583038869257 0.946643109540636 0.6561837455830389 0.9566548881036514
1 0.6530035335689046 0.9411071849234394 0.6598056537102474 0.9493521790341579
1 0.5778268551236749 0.9465253239104828 0.5840106007067137 0.9570082449941107
1 0.504946996466431 0.9561837455830389 0.5109540636042402 0.9671378091872792
1 0.4287102473498233 0.9554770318021201 0.43719081272084803 0.9654888103651355
1 0.3558303886925795 0.9512367491166078 0.3622791519434629 0.9613663133097762
1 0.27455830388692576 0.9570082449941107 0.28348056537102473 0.9672555948174322
