0 0.21666666666666667 0.31444444444444447 0.7082391304347826 0.9996666666666667
1 0.2823051948051948 0.3926406926406927 0.2876623376623377 0.3991341991341991
1 0.3540584415584415 0.3887445887445887 0.35925324675324677 0.39740259740259737
1 0.42711038961038955 0.3902597402597403 0.4331168831168831 0.3984848484848485
1 0.27694805194805194 0.48939393939393944 0.2811688311688312 0.4971861471861472
1 0.35064935064935066 0.4887445887445887 0.35584415584415585 0.49523809523809526
1 0.4198051948051948 0.49307359307359305 0.4258116883116883 0.49891774891774887
1 0.4930194805194805 0.48917748917748916 0.49967532467532466 0.4961038961038961
1 0.5748376623376623 0.4911255411255411 0.5814935064935065 0.4997835497835498
1 0.6409090909090909 0.4948051948051948 0.647077922077922 0.5032467532467533
1 0.6551948051948052 0.4943722943722944 0.6612012987012987 0.5041125541125541
1 0.4974025974025974 0.3902597402597403 0.5027597402597402 0.3995670995670995
1 0.5740259740259741 0.3913419913419913 0.5792207792207793 0.401948051948052
1 0.6459415584415584 0.3956709956709957 0.6519480519480519 0.40281385281385285
1 0.6410714285714285 0.3893939393939394 0.6474025974025974 0.396969696969697
1 0.27238805970149255 0.5951907131011608 0.27885572139303477 0.6036484245439468
1 0.3504975124378109 0.5920398009950248 0.3582089552238805 0.6
1 0.4246268656716417 0.5875621890547263 0.4307213930348258 0.5945273631840795
1 0.5023631840796019 0.5825870646766168 0.5084577114427861 0.5917081260364841
1 0.5716417910447761 0.5890547263681591 0.5803482587064677 0.5968490878938639
1 0.649502487562189 0.5870646766169154 0.6563432835820895 0.5946932006633499
1 0.351231884057971 0.6825120772946859 0.35797101449275365 0.6891787439613527
1 0.34898550724637684 0.6878260869565217 0.35471014492753616 0.6971980676328502
1 0.4255797101449275 0.6884057971014492 0.431231884057971 0.6966183574879227
1 0.4943478260869565 0.6831884057971014 0.5007971014492754 0.6908212560386473
1 0.4979710144927536 0.6890821256038647 0.5042028985507246 0.6995169082125603
1 0.5781884057971014 0.689855072463768 0.5848550724637681 0.6986473429951691
1 0.6452898550724637 0.6869565217391304 0.6513043478260869 0.6926570048309179
1 0.27128378378378376 0.7973873873873873 0.27797297297297296 0.8039639639639639
1 0.34945945945945944 0.7803603603603603 0.35574324324324325 0.7892792792792793
1 0.4212162162162162 0.788108108108108 0.4278378378378378 0.7962162162162163
1 0.5724561403508771 0.7805847953216374 0.578859649122807 0.7893567251461988
1 0.27530940594059405 0.8875412541254125 0.284529702970297 0.8964521452145215
1 0.27728960396039604 0.8941419141914192 0.28391089108910894 0.9042904290429044
1 0.35018564356435644 0.8816006600660067 0.3571163366336634 0.8917491749174917
1 0.42357673267326734 0.8905940594059405 0.4318688118811881 0.8978547854785479
1 0.5025371287128713 0.8898514851485149 0.5093440594059406 0.9001650165016503
1 0.5737004950495049 0.8944719471947195 0.5804455445544554 0.9048679867986797
1 0.5741336633663365 0.8835808580858086 0.5819306930693069 0.8915841584158416
1 0.6538985148514852 0.8868811881188118 0.6604579207920792 0.8976897689768977
1 0.6435024752475248 0.8961221122112211 0.6504331683168317 0.9066006600660066
1 0.27321428571428574 0.9913919413919413 0.2813091256569518 0.9996666666666667
1 0.34505494505494505 0.984065934065934 0.3516483516483517 0.9961538461538462
1 0.423731884057971 0.9797101449275362 0.4309782608695652 0.9879227053140095
1 0.419927536231884 0.9864734299516906 0.42481884057971014 0.9963768115942029
1 0.5001811594202898 0.9857487922705314 0.5070652173913043 0.9932367149758453
1 0.5733695652173912 0.984782608695652 0.5815217391304347 0.9903381642512077
1 0.6438405797101449 0.9785024154589371 0.6505434782608696 0.9871980676328501
1 0.6463768115942029 0.9905797101449275 0.6547101449275361 0.9995169082125603
