0 0.21875 0.0 0.7151362068965517 0.9996666666666667
1 0.5744680851063829 0.3652482269503546 0.5800531914893616 0.3734042553191489
1 0.27874493927125504 0.4690958164642375 0.2875506072874494 0.47840755735492574
1 0.28147773279352223 0.47665317139001345 0.28684210526315784 0.4855600539811066
1 0.35273279352226716 0.4643724696356275 0.36052631578947364 0.4740890688259109
1 0.4268218623481781 0.469770580296896 0.434412955465587 0.47719298245614034
1 0.576417004048583 0.4711201079622132 0.5846153846153845 0.4804318488529014
1 0.5763157894736841 0.46167341430499326 0.5840080971659919 0.4701754385964912
1 0.6458502024291497 0.4743589743589743 0.6528340080971659 0.48542510121457483
1 0.6558704453441295 0.46477732793522264 0.6622469635627529 0.47530364372469636
1 0.276931330472103 0.5725321888412017 0.2849785407725322 0.5825464949928468
1 0.3488197424892704 0.5650929899856938 0.35493562231759657 0.5765379113018597
1 0.35128755364806863 0.5783977110157368 0.357725321888412 0.5839771101573676
1 0.42682403433476396 0.5600858369098712 0.43390557939914165 0.5702432045779685
1 0.4223175965665236 0.5666666666666667 0.4286480686695279 0.5743919885550787
1 0.501824034334764 0.5668097281831187 0.5083690987124463 0.5721030042918455
1 0.569206008583691 0.5762517882689556 0.5758583690987124 0.5868383404864091
1 0.5755364806866953 0.5609442060085837 0.5816523605150214 0.5679542203147353
1 0.6464592274678111 0.5559370529327611 0.653862660944206 0.5645207439198856
1 0.6488197424892703 0.5686695278969957 0.6570815450643777 0.5793991416309012
1 0.27770833333333333 0.6675925925925926 0.28583333333333333 0.6758333333333333
1 0.3467361111111111 0.6675 0.35548611111111106 0.6761111111111111
1 0.3502777777777778 0.6766666666666666 0.356875 0.6852777777777779
1 0.42527777777777775 0.6691666666666667 0.43125 0.6772222222222222
1 0.4998611111111111 0.6763888888888888 0.5072916666666666 0.686574074074074
1 0.574375 0.6719444444444445 0.5808333333333334 0.6809259259259259
1 0.6593055555555556 0.6567592592592593 0.66625 0.6664814814814815
1 0.3462616822429907 0.7811007268951196 0.3529595015576324 0.7878504672897196
1 0.42590909090909096 0.7667878787878788 0.43218181818181817 0.7712727272727273
1 0.4303636363636364 0.776969696969697 0.43781818181818183 0.7844848484848485
1 0.5041818181818182 0.7722424242424242 0.5092727272727272 0.7829090909090909
1 0.5813636363636364 0.7635151515151515 0.5879090909090908 0.7728484848484848
1 0.6511818181818181 0.763030303030303 0.6587272727272727 0.7735757575757575
1 0.2761673151750973 0.8700389105058366 0.2848249027237354 0.8801556420233463
1 0.2825875486381323 0.9638132295719846 0.28929961089494166 0.9749675745784696
1 0.42801556420233466 0.9617380025940337 0.4351167315175098 0.9684824902723737
1 0.4300583657587549 0.8692607003891052 0.43803501945525297 0.875875486381323
1 0.5064285714285713 0.872142857142857 0.5107142857142857 0.8809523809523809
1 0.4969642857142857 0.9664285714285714 0.5016071428571428 0.9773809523809522
1 0.5791071428571428 0.8638095238095237 0.58375 0.8704761904761904
1 0.6508928571428572 0.8609523809523809 0.6573214285714285 0.8719047619047617
1 0.6551785714285713 0.8559523809523809 0.6612499999999999 0.8645238095238095
1 0.6503571428571427 0.9711904761904762 0.6573214285714285 0.9785714285714284
