0 0.29280303030303023 0.504040404040404 0.740530303030303 0.903030303030303
1 0.34444444444444444 0.5573268921095008 0.351207729468599 0.5640901771336554
1 0.3416666666666667 0.5769726247987117 0.3486714975845411 0.5855072463768116
1 0.4048309178743962 0.5394524959742351 0.4118357487922706 0.5478260869565217
1 0.4068840579710145 0.5455716586151368 0.41413043478260875 0.5539452495974234
1 0.48224637681159427 0.5349436392914653 0.488768115942029 0.5446054750402577
1 0.5381642512077295 0.5352657004830917 0.5449275362318842 0.5444444444444444
1 0.6117149758454107 0.5668276972624798 0.6192028985507247 0.5760064412238325
1 0.3386111111111111 0.6541975308641974 0.34555555555555556 0.6634567901234567
1 0.4032407407407407 0.6234567901234568 0.4107407407407407 0.6281481481481481
1 0.4044444444444444 0.6262962962962962 0.4109259259259259 0.6341975308641975
1 0.47583333333333333 0.6582716049382716 0.4830555555555555 0.6669135802469135
1 0.48027777777777775 0.6193827160493827 0.48796296296296293 0.6266666666666666
1 0.54 0.6259259259259259 0.5464814814814815 0.635679012345679
1 0.5441666666666666 0.6213580246913579 0.5525925925925926 0.628395061728395
1 0.6109259259259259 0.652716049382716 0.6174074074074074 0.6619753086419753
1 0.6138888888888888 0.6325925925925925 0.6191666666666666 0.6428395061728395
1 0.678611111111111 0.654074074074074 0.686574074074074 0.6622222222222222
1 0.6892592592592592 0.6335802469135802 0.6962962962962963 0.6409876543209876
1 0.34604377104377104 0.750729517396184 0.352020202020202 0.7594837261503927
1 0.4089225589225589 0.7108866442199775 0.417003367003367 0.7154882154882154
1 0.4023569023569023 0.7251402918069584 0.40959595959595957 0.732996632996633
1 0.4769360269360269 0.7095398428731762 0.485016835016835 0.7177328843995511
1 0.4788720538720539 0.7212121212121212 0.487037037037037 0.7307519640852973
1 0.5446969696969697 0.721324354657688 0.5512626262626262 0.7299663299663299
1 0.5486531986531986 0.71010101010101 0.5564814814814814 0.7191919191919192
1 0.6120370370370369 0.7098765432098765 0.6201178451178451 0.7185185185185184
1 0.6206228956228956 0.7118967452300785 0.6269360269360269 0.7216610549943883
1 0.680050505050505 0.7103254769921437 0.6863636363636364 0.714702581369248
1 0.6861952861952861 0.7241301907968575 0.6933501683501684 0.731986531986532
1 0.6728114478114479 0.7502805836139168 0.6804713804713803 0.7600448933782267
1 0.34556179775280893 0.8116853932584269 0.35292134831460675 0.8200749063670412
1 0.3443820224719101 0.8331086142322097 0.35123595505617977 0.842247191011236
1 0.40073033707865163 0.8259925093632958 0.4086516853932584 0.8329588014981273
1 0.4114044943820224 0.8330337078651685 0.4184831460674157 0.8375280898876404
1 0.4818539325842697 0.8005992509363296 0.488314606741573 0.808314606741573
1 0.5457920792079208 0.8009075907590759 0.5525371287128713 0.8108085808580858
1 0.5500618811881188 0.8049504950495049 0.5576113861386138 0.8144389438943894
1 0.6219678217821782 0.8285478547854785 0.62759900990099 0.8370462046204621
1 0.6220915841584158 0.8036303630363036 0.628960396039604 0.8116336633663367
1 0.6831845238095239 0.8398148148148148 0.6901785714285714 0.8482804232804233
1 0.6872914349276974 0.8960697070819429 0.6936874304783093 0.9041527623285132
1 0.5489710789766407 0.8985539488320355 0.5556173526140156 0.9052280311457174
1 0.41315104166666666 0.9942708333333333 0.4207389322916666 0.9996666666666667
1 0.47903645833333336 0.9944444444444445 0.4852864583333334 0.9996527777777778
1 0.4840095465393794 0.9919649960222752 0.4894391408114558 0.9977724741447892
1 0.6885458167330677 0.9908366533864541 0.6963147410358566 0.9996015936254978
