0 0.2933333333333334 0.46 0.74 0.9044444444444445
1 0.3440159574468085 0.5141843971631205 0.35172872340425526 0.5209219858156028
1 0.3414893617021277 0.5333333333333333 0.34840425531914887 0.5421985815602837
1 0.4047872340425532 0.49556737588652483 0.4117021276595744 0.5044326241134751
1 0.4070478723404255 0.50177304964539 0.41422872340425526 0.5099290780141844
1 0.4821808510638298 0.4907801418439716 0.4884308510638298 0.5005319148936169
1 0.5384308510638298 0.4911347517730496 0.544813829787234 0.500709219858156
1 0.6114361702127659 0.52322695035461 0.6191489361702128 0.5324468085106383
1 0.33852140077821014 0.6105058365758754 0.345136186770428 0.6202334630350195
1 0.40350194552529184 0.578988326848249 0.41060311284046697 0.5835278858625161
1 0.40428015564202335 0.582230869001297 0.41060311284046697 0.5907911802853437
1 0.4801556420233463 0.575745784695201 0.4876459143968872 0.582101167315175
1 0.4759727626459144 0.6149156939040208 0.4826848249027238 0.6233463035019454
1 0.5400778210116732 0.5824902723735409 0.5463035019455253 0.5918287937743191
1 0.5443579766536965 0.5774319066147859 0.5520428015564203 0.5843060959792477
1 0.6107976653696499 0.6099870298313878 0.6164396887159533 0.6180285343709467
1 0.6142996108949417 0.5892347600518807 0.618579766536965 0.5989623865110246
1 0.6788978494623655 0.6102150537634408 0.6864247311827957 0.6184587813620072
1 0.6889784946236559 0.5903225806451612 0.6966397849462366 0.5976702508960573
1 0.34574175824175823 0.7071428571428572 0.35206043956043953 0.7153846153846154
1 0.4024725274725275 0.6813186813186813 0.40934065934065933 0.689010989010989
1 0.40865384615384615 0.6672161172161172 0.41689560439560436 0.6723443223443223
1 0.47651098901098904 0.6659340659340659 0.484478021978022 0.6736263736263736
1 0.4784340659340659 0.6776556776556777 0.4868131868131868 0.6869963369963369
1 0.47939560439560436 0.6701465201465201 0.485989010989011 0.6785714285714285
1 0.5439560439560439 0.677106227106227 0.551098901098901 0.6862637362637363
1 0.5487637362637363 0.6657509157509157 0.5564560439560439 0.6752747252747252
1 0.6115384615384616 0.6657509157509157 0.6193681318681319 0.6747252747252747
1 0.6203296703296703 0.6684981684981685 0.6267857142857142 0.6778388278388279
1 0.6726648351648351 0.7064102564102563 0.6802197802197802 0.7157509157509158
1 0.6858516483516484 0.6807692307692307 0.6932692307692307 0.6879120879120878
1 0.6796703296703297 0.6664835164835164 0.6861263736263736 0.6710622710622711
1 0.34560810810810805 0.768018018018018 0.35236486486486485 0.7761261261261261
1 0.34436936936936935 0.7896396396396396 0.35090090090090087 0.7981981981981981
1 0.40123873873873867 0.781981981981982 0.4084459459459459 0.7894894894894895
1 0.4115990990990991 0.7888888888888889 0.4181306306306306 0.7938438438438439
1 0.48186936936936936 0.757207207207207 0.4881756756756756 0.7639639639639639
1 0.5453828828828828 0.7575075075075074 0.552027027027027 0.7666666666666667
1 0.5498873873873873 0.7615615615615614 0.5572072072072072 0.7708708708708708
1 0.6212837837837838 0.7846846846846846 0.6274774774774775 0.7935435435435435
1 0.621509009009009 0.7597597597597596 0.6288288288288288 0.7677177177177176
1 0.6827702702702702 0.7965465465465464 0.6896396396396396 0.8052552552552552
1 0.3422480620155039 0.8612403100775194 0.3494186046511628 0.8680878552971576
1 0.3434108527131783 0.8696382428940568 0.35222868217054265 0.8770025839793281
1 0.4114341085271318 0.8604651162790699 0.41676356589147284 0.8700258397932816
1 0.41569767441860467 0.8660206718346253 0.4231589147286821 0.8753229974160207
1 0.4820736434108527 0.860594315245478 0.4885658914728682 0.869250645994832
1 0.4840116279069767 0.8573643410852713 0.49137596899224806 0.8629198966408268
1 0.5484496124031008 0.8545219638242895 0.5554263565891473 0.8643410852713177
1 0.6147286821705426 0.8608527131782945 0.6222868217054263 0.869250645994832
1 0.6872093023255813 0.8521963824289405 0.693313953488372 0.8608527131782945
1 0.6777131782945736 0.8708010335917312 0.685562015503876 0.8790697674418604
1 0.695251937984496 0.8806201550387597 0.7002906976744185 0.8895348837209301
