0 0.2916666666666667 0.35 0.7416666666666667 0.9033333333333334
1 0.3436170212765957 0.40514184397163117 0.351063829787234 0.41223404255319146
1 0.3410904255319149 0.4242907801418439 0.3477393617021276 0.43262411347517726
1 0.4046542553191489 0.38599290780141843 0.41103723404255316 0.39503546099290776
1 0.40571808510638296 0.3927304964539007 0.413563829787234 0.40088652482269505
1 0.4815159574468085 0.38120567375886527 0.48789893617021274 0.39042553191489365
1 0.5378989361702128 0.3810283687943262 0.5438829787234042 0.3909574468085106
1 0.6106382978723404 0.4136524822695036 0.61875 0.4228723404255319
1 0.3381648936170213 0.501063829787234 0.3445478723404255 0.5108156028368794
1 0.40305851063829784 0.46950354609929074 0.41010638297872337 0.474822695035461
1 0.4039893617021276 0.4730496453900709 0.4103723404255319 0.48049645390070916
1 0.475531914893617 0.5060283687943262 0.48058510638297874 0.5134751773049645
1 0.47805851063829785 0.5054964539007092 0.4821808510638298 0.5120567375886524
1 0.47925531914893615 0.4656028368794326 0.48710106382978724 0.4723404255319149
1 0.5397606382978724 0.4719858156028368 0.5456117021276595 0.4819148936170213
1 0.5434840425531915 0.46719858156028365 0.5518617021276595 0.4735815602836879
1 0.6098404255319149 0.5001773049645389 0.6163563829787233 0.5081560283687943
1 0.6132978723404254 0.4785460992907801 0.6179521276595744 0.4888297872340425
1 0.6776595744680851 0.500354609929078 0.6859042553191489 0.5085106382978722
1 0.6882978723404254 0.4806737588652482 0.6960106382978724 0.48723404255319147
1 0.34549549549549546 0.5978978978978978 0.3514639639639639 0.606006006006006
1 0.4016509433962264 0.5717610062893081 0.40900943396226414 0.5793081761006289
1 0.40764150943396227 0.5569182389937107 0.4159905660377358 0.5624528301886792
1 0.4768032786885245 0.5559562841530055 0.48368852459016387 0.5637158469945355
1 0.4794262295081967 0.5640437158469944 0.48483606557377046 0.5691803278688524
1 0.4782786885245901 0.5683060109289617 0.48631147540983605 0.5772677595628415
1 0.5482332155477031 0.5558303886925795 0.5557420494699646 0.565017667844523
1 0.5439929328621909 0.5673733804475853 0.5500883392226149 0.5767962308598351
1 0.6113957597173145 0.5561837455830388 0.6191696113074205 0.565017667844523
1 0.6198763250883391 0.558303886925795 0.6258833922261484 0.5674911660777385
1 0.6725265017667844 0.5968197879858657 0.6793286219081272 0.6063604240282685
1 0.6857773851590105 0.5710247349823321 0.6924028268551237 0.578680800942285
1 0.6789752650176679 0.5565371024734983 0.6856007067137809 0.5605418138987044
1 0.34448979591836737 0.6582312925170067 0.3522448979591837 0.6673469387755101
1 0.3435714285714285 0.6804081632653061 0.35020408163265304 0.6893877551020408
1 0.40020408163265303 0.6726530612244898 0.4078571428571428 0.6804081632653061
1 0.41081632653061223 0.6797278911564626 0.4175510204081633 0.6847619047619048
1 0.48102040816326525 0.6466666666666666 0.4874489795918367 0.6545578231292517
1 0.5448979591836733 0.6474829931972789 0.5518367346938775 0.6579591836734693
1 0.5492857142857143 0.6514285714285714 0.5567346938775509 0.6610884353741496
1 0.6211224489795918 0.6503401360544216 0.6283673469387754 0.6583673469387754
1 0.6209183673469387 0.6751020408163265 0.6271428571428571 0.6839455782312925
1 0.6830612244897959 0.6872108843537413 0.6892857142857142 0.6955102040816327
1 0.3414414414414414 0.7519519519519519 0.348536036036036 0.7582582582582581
1 0.34256756756756757 0.7599099099099098 0.3513513513513513 0.7674174174174174
1 0.4112612612612612 0.7512012012012012 0.4158783783783783 0.7602102102102102
1 0.4155405405405405 0.7569069069069069 0.4218468468468468 0.7653153153153153
1 0.48108108108108105 0.7507507507507507 0.4884009009009009 0.7596096096096095
1 0.4835585585585585 0.7477477477477477 0.49087837837837833 0.7534534534534534
1 0.5477477477477477 0.7445945945945945 0.5547297297297297 0.7549549549549549
1 0.6143018018018017 0.7513513513513512 0.6212837837837838 0.76006006006006
1 0.6864864864864865 0.7424924924924925 0.6931306306306305 0.751051051051051
1 0.677027027027027 0.7618618618618618 0.6846846846846846 0.7699699699699699
1 0.6945945945945946 0.7713213213213211 0.6997747747747748 0.7801801801801801
1 0.34013480392156864 0.8448529411764706 0.3471813725490196 0.852859477124183
1 0.3408088235294118 0.8699346405228758 0.3479166666666667 0.8794117647058822
1 0.41268382352941174 0.8388888888888888 0.4206495098039216 0.8486928104575163
1 0.48272058823529407 0.836437908496732 0.48995098039215684 0.8451797385620915
1 0.4775735294117647 0.8412581699346404 0.4841299019607843 0.8505718954248366
1 0.5509803921568628 0.8368464052287582 0.5579044117647058 0.8459150326797384
1 0.6127171215880893 0.871298593879239 0.61848635235732 0.8805624483043838
1 0.6076923076923076 0.8693961952026468 0.6125930521091811 0.878494623655914
1 0.686910669975186 0.8361455748552522 0.6953473945409429 0.8477253928866831
