0 0.2913793103448276 0.30804597701149417 0.7422413793103448 0.903448275862069
1 0.3436111111111111 0.36123456790123454 0.3511111111111111 0.3681481481481481
1 0.3408333333333333 0.38098765432098763 0.3479629629629629 0.3893827160493827
1 0.4044275491949911 0.3421586165772212 0.410912343470483 0.35134168157423973
1 0.40639534883720935 0.34871794871794876 0.41359570661896244 0.3573047107930829
1 0.48116016427104724 0.33709787816563996 0.4881930184804928 0.34681724845995887
1 0.5369649805447472 0.33722438391699083 0.5441634241245137 0.3468223086900129
1 0.6106081081081082 0.3701801801801801 0.6181081081081081 0.37927927927927924
1 0.33790931989924433 0.45810243492863134 0.3442695214105793 0.4672544080604534
1 0.40235042735042736 0.4257122507122507 0.4099893162393163 0.430982905982906
1 0.4033653846153846 0.4290598290598291 0.4098824786324786 0.437037037037037
1 0.47943376068376076 0.4213675213675214 0.4871260683760684 0.42834757834757836
1 0.47533407572383074 0.4628062360801781 0.4797884187082405 0.470007423904974
1 0.4775612472160356 0.46228656273199703 0.4818485523385301 0.4677802524127691
1 0.539406779661017 0.4283898305084746 0.5455508474576272 0.438135593220339
1 0.5435381355932203 0.42358757062146896 0.5506355932203391 0.43107344632768363
1 0.6097457627118644 0.4566384180790961 0.6161016949152542 0.46454802259887007
1 0.6130296610169491 0.4357344632768362 0.6181144067796611 0.4451977401129944
1 0.6779661016949153 0.4566384180790961 0.6852754237288137 0.4652542372881356
1 0.6882415254237289 0.4367231638418079 0.695656779661017 0.4437853107344633
1 0.34503058103975537 0.5541284403669725 0.3513761467889908 0.56289500509684
1 0.4018348623853211 0.5279306829765545 0.4086391437308869 0.5355759429153925
1 0.40787461773700306 0.5135575942915392 0.41597859327217124 0.51855249745158
1 0.4761467889908257 0.5120285423037716 0.48363914373088684 0.5202854230377166
1 0.47928134556574925 0.5203873598369011 0.48547400611620795 0.5266055045871559
1 0.4779816513761468 0.5240570846075433 0.4856269113149847 0.5332313965341487
1 0.5437308868501529 0.5234454638124363 0.55 0.5326197757390418
1 0.5479357798165138 0.5123343527013252 0.5555045871559634 0.5207951070336392
1 0.611085626911315 0.5121304791029562 0.6186544342507646 0.5207951070336392
1 0.6198776758409785 0.5143730886850153 0.6258409785932723 0.5242609582059123
1 0.685703363914373 0.5275229357798165 0.6920489296636085 0.5349643221202854
1 0.6788226299694189 0.5129459734964322 0.6853975535168196 0.5169215086646279
1 0.6724242424242424 0.5535353535353535 0.6792424242424241 0.5622222222222222
1 0.6823798627002289 0.6436308161708619 0.6890732265446224 0.6518688024408847
1 0.6205298013245033 0.6316409124356144 0.6269315673289183 0.6402501839587932
1 0.620916114790287 0.6063281824871228 0.6286423841059602 0.6144959529065489
1 0.5444741532976828 0.6032679738562091 0.5516488413547237 0.6144979203802733
1 0.549108734402852 0.6078431372549019 0.5567736185383244 0.6171122994652406
1 0.4807658450704226 0.6030516431924883 0.48701584507042256 0.610680751173709
1 0.39989106753812637 0.6281771968046478 0.40778867102396515 0.6372549019607843
1 0.410838779956427 0.6360203340595497 0.41748366013071897 0.6412490922294845
1 0.3443995381062356 0.6147036181678214 0.35173210161662816 0.6234795996920708
1 0.3434757505773672 0.6364896073903002 0.3501154734411085 0.6458044649730561
1 0.34241424802110815 0.8826737027264732 0.3497361477572559 0.8919964819700967
1 0.4133905013192612 0.8805628847845207 0.4197229551451187 0.8901495162708882
1 0.48073878627968336 0.8832014072119613 0.4868073878627968 0.8911169744942833
1 0.4824538258575198 0.8894459102902375 0.4893799472295514 0.8956904133685135
1 0.5486147757255936 0.8959542656112578 0.5563324538258576 0.9031662269129288
1 0.6201187335092349 0.8911169744942833 0.6286939313984169 0.8984168865435357
1 0.6222955145118733 0.8861917326297274 0.6302770448548813 0.8941952506596307
1 0.691754617414248 0.8894459102902375 0.6982849604221636 0.8973614775725595
1 0.6860817941952506 0.8907651715039578 0.6934036939313983 0.8978891820580475
1 0.6899182561307902 0.794913714804723 0.6955040871934605 0.8038147138964578
1 0.6876702997275205 0.7925522252497729 0.6952316076294278 0.8014532243415077
1 0.6123837209302326 0.8276744186046512 0.617906976744186 0.836201550387597
1 0.6074418604651163 0.826201550387597 0.6123255813953489 0.8349612403100776
1 0.550611111111111 0.7938518518518519 0.5573333333333333 0.8017037037037038
1 0.4826666666666667 0.7931851851851852 0.48977777777777776 0.8008888888888889
1 0.4776111111111111 0.7971851851851852 0.484 0.8068148148148148
1 0.4127777777777778 0.7952592592592592 0.4202222222222222 0.8052592592592592
1 0.33978260869565213 0.8010628019323671 0.3465942028985507 0.8091787439613527
1 0.34101449275362317 0.8265700483091787 0.3476811594202898 0.8357487922705313
1 0.3413346613545817 0.7084993359893758 0.3487051792828685 0.7148738379814076
1 0.34292828685258964 0.7159362549800795 0.35069721115537844 0.7243027888446215
1 0.41085657370517925 0.7074369189907038 0.41533864541832666 0.7164674634794157
1 0.41484063745019917 0.7134130146082337 0.421812749003984 0.7220451527224435
1 0.48097609561752985 0.7067729083665338 0.48784860557768917 0.7159362549800795
1 0.4834661354581673 0.703718459495352 0.4906374501992032 0.7099601593625497
1 0.5479083665338645 0.7013280212483399 0.5546812749003983 0.7111553784860557
1 0.6137450199203187 0.7073041168658698 0.621414342629482 0.7166002656042497
1 0.6860557768924302 0.698539176626826 0.6932270916334661 0.7070385126162019
1 0.6769920318725099 0.7181938911022576 0.6844621513944222 0.7265604249667995
1 0.6929282868525897 0.7270916334661355 0.699203187250996 0.7363877822045152
