0 0.29 0.19888888888888892 0.7391666666666667 0.9055555555555557
1 0.3424342105263158 0.25248538011695904 0.350219298245614 0.25921052631578945
1 0.3403508771929824 0.2716374269005848 0.34736842105263155 0.28011695906432743
1 0.40378619153674833 0.23288789903489232 0.4108574610244989 0.24216778025241273
1 0.40573496659242764 0.2398663697104677 0.4126948775055679 0.24743875278396438
1 0.4807349665924276 0.22761692650334073 0.4876948775055679 0.23726800296956196
1 0.5369153674832963 0.22761692650334073 0.5437639198218263 0.23726800296956196
1 0.6102201257861635 0.26111111111111107 0.6177672955974842 0.26949685534591195
1 0.33731435643564356 0.3486798679867987 0.34393564356435646 0.3587458745874587
1 0.40218223583460944 0.3158754466564574 0.4094180704441041 0.32179683511995916
1 0.4031010719754977 0.31904032669729454 0.4096477794793262 0.32725880551301684
1 0.4792496171516079 0.31143440530883104 0.4866003062787136 0.3184788157223073
1 0.47484567901234565 0.35246913580246914 0.4819444444444444 0.361522633744856
1 0.5391975308641974 0.3187242798353909 0.5453703703703703 0.3286008230452675
1 0.5429012345679012 0.31378600823045266 0.5493827160493827 0.32139917695473247
1 0.6092592592592593 0.34732510288065843 0.6154320987654321 0.3555555555555555
1 0.6128086419753086 0.3253086419753086 0.6172839506172839 0.3353909465020576
1 0.6776234567901235 0.3467078189300411 0.6847222222222221 0.35617283950617284
1 0.6881172839506172 0.326954732510288 0.6950617283950616 0.33497942386831275
1 0.3445497630331754 0.4448657187993681 0.35094786729857824 0.4533965244865719
1 0.40746445497630335 0.4039494470774092 0.4156398104265403 0.40884676145339655
1 0.40130331753554505 0.41848341232227493 0.40829383886255927 0.42606635071090054
1 0.4757109004739337 0.40189573459715644 0.4832938388625593 0.4099526066350711
1 0.4779620853080569 0.40805687203791474 0.4847156398104266 0.41516587677725125
1 0.47736966824644556 0.4143759873617694 0.4849526066350711 0.42290679304897316
1 0.5434834123222749 0.41358609794628753 0.5498815165876778 0.4227488151658768
1 0.5475118483412322 0.40189573459715644 0.5549763033175356 0.41121642969984207
1 0.6107819905213271 0.40221169036334914 0.6180094786729857 0.4113744075829385
1 0.6195497630331754 0.40410742496050556 0.6255924170616114 0.4140600315955767
1 0.6780805687203793 0.40236966824644554 0.6853080568720379 0.4067930489731438
1 0.6847156398104266 0.4181674565560822 0.6920616113744077 0.42575039494470773
1 0.3438775510204081 0.5050340136054422 0.35112244897959183 0.5141496598639456
1 0.34285714285714286 0.5276190476190475 0.3496938775510204 0.5364625850340136
1 0.3997959183673469 0.5186394557823129 0.4072448979591836 0.5272108843537414
1 0.4099999999999999 0.5263945578231293 0.41693877551020403 0.5319727891156462
1 0.4805102040816326 0.49292517006802716 0.4863265306122449 0.5006802721088436
1 0.5442857142857143 0.4937414965986394 0.5510204081632653 0.504625850340136
1 0.548877551020408 0.4980952380952381 0.5561224489795918 0.5072108843537414
1 0.620408163265306 0.49700680272108844 0.6278571428571428 0.5051700680272109
1 0.6198979591836734 0.522312925170068 0.6264285714285713 0.5307482993197279
1 0.681530612244898 0.5344217687074829 0.6891836734693877 0.5429931972789115
1 0.6708163265306122 0.4434013605442177 0.6790816326530612 0.45278911564625846
1 0.34040284360189577 0.59826224328594 0.34845971563981043 0.6052132701421802
1 0.3419431279620853 0.6066350710900474 0.35082938388625595 0.6143759873617693
1 0.4101895734597157 0.5976303317535545 0.4151658767772512 0.6067930489731438
1 0.4143364928909953 0.6033175355450237 0.4215639810426541 0.6123222748815166
1 0.48045023696682465 0.5971563981042655 0.48708530805687206 0.6061611374407583
1 0.48258293838862565 0.593996840442338 0.4902843601895735 0.6006319115323855
1 0.5470379146919431 0.5913112164296999 0.5542654028436019 0.6006319115323855
1 0.613388625592417 0.5976303317535545 0.6208530805687205 0.6060031595576619
1 0.6853080568720379 0.5884676145339653 0.6928909952606636 0.5973143759873618
1 0.675829383886256 0.608214849921011 0.6842417061611374 0.6167456556082149
1 0.6915876777251185 0.6173775671406003 0.6985781990521327 0.6268562401263823
1 0.3392086330935251 0.6911270983213429 0.34640287769784167 0.6992805755395682
1 0.34064748201438844 0.7175059952038368 0.34694244604316543 0.7261390887290168
1 0.4120503597122302 0.6851318944844125 0.41996402877697836 0.6952038369304555
1 0.48201438848920863 0.6827338129496402 0.48920863309352514 0.6916067146282973
1 0.476978417266187 0.6872901678657073 0.48381294964028776 0.6968824940047962
1 0.6068345323741007 0.7160671462829735 0.6118705035971223 0.7249400479616306
1 0.6120503597122301 0.7179856115107912 0.6170863309352518 0.7263788968824939
1 0.6892086330935251 0.6853717026378896 0.6946043165467626 0.6937649880095922
1 0.6861510791366906 0.682494004796163 0.6940647482014387 0.6899280575539568
1 0.5498655913978495 0.6829749103942653 0.556989247311828 0.6924731182795699
1 0.34186746987951805 0.7728246318607763 0.34929718875502 0.7821954484605086
1 0.4125502008032128 0.7704149933065595 0.4188755020080321 0.7793842034805889
1 0.4801204819277108 0.772958500669344 0.48624497991967863 0.782061579651941
1 0.481726907630522 0.7793842034805889 0.48845381526104414 0.785408299866131
1 0.5481927710843373 0.7856760374832664 0.5555220883534135 0.7929049531459169
1 0.6219879518072289 0.7756358768406961 0.6294176706827309 0.7835341365461846
1 0.6197791164658634 0.7811244979919678 0.6279116465863454 0.787817938420348
1 0.6852409638554217 0.7804551539491298 0.6915662650602409 0.788487282463186
1 0.6905622489959838 0.7789825970548862 0.6974899598393575 0.7870147255689425
1 0.3339171974522293 0.881104033970276 0.3401273885350319 0.8885350318471337
1 0.41512738853503184 0.8653927813163482 0.42213375796178343 0.8736730360934183
1 0.407484076433121 0.8819532908704882 0.41353503184713375 0.8915074309978768
1 0.48216560509554135 0.8679405520169852 0.4883757961783439 0.8760084925690022
1 0.4792993630573248 0.881316348195329 0.48566878980891715 0.8910828025477707
1 0.5517515923566879 0.8713375796178343 0.5587579617834394 0.8789808917197451
1 0.5487261146496816 0.8740976645435243 0.5554140127388535 0.8819532908704882
1 0.6119426751592356 0.8630573248407644 0.6187898089171975 0.8715498938428874
1 0.6078333333333333 0.8917777777777778 0.6159166666666667 0.9011111111111112
1 0.6879166666666666 0.8825555555555555 0.6945833333333333 0.893
1 0.6826666666666666 0.8795555555555555 0.6890833333333334 0.8902222222222221
