0 0.13084795321637444 0.017543859649122823 0.8344298245614037 0.9591557017543859
1 0.32197771728171004 0.08109623916112114 0.3339508973583384 0.09007612421859242
1 0.42910617059891115 0.13087946158499694 0.4391888485581771 0.13702359346642465
1 0.4364581232775426 0.1352906331921758 0.4457005780735364 0.14474314377898767
1 0.32743916784297916 0.16475095785440608 0.337311790011427 0.17199788263762852
1 0.43811648219260596 0.04716794669076124 0.44799902115804535 0.05728578420299677
1 0.5273730642772884 0.04775619305775168 0.53772620033632 0.05622694074241398
1 0.6451792033732399 0.05952112039756043 0.6585127876916899 0.06799186808222273
1 0.6487871144241146 0.05222686544687901 0.6599245789724669 0.06222705368571644
1 0.7443183244233617 0.07399198102552519 0.755455788971714 0.07975679542203147
1 0.748710563963557 0.09258056622242301 0.7587499686268604 0.09987482117310444
1 0.6491880258266484 0.13298522793973783 0.6612806800147829 0.13848806495793387
1 0.6493238983456162 0.1348195069458032 0.6593784647492337 0.14439851953303334
1 0.7509591388237047 0.1655212872946698 0.7595727641822176 0.1749497150519611
1 0.5278988892349217 0.12619381293470364 0.5400100349493062 0.13446615799854666
1 0.535900896224783 0.16998858091975502 0.546281878265684 0.17890973736115437
1 0.2178608975622577 0.16385767790262173 0.23100236546422234 0.171403755174453
1 0.2022554044286747 0.14476148235757935 0.21293284709902094 0.15076754385964913
1 0.22067232955807242 0.21390600710637356 0.23154471093345178 0.21841688874083945
1 0.21188189355244655 0.2290001110370864 0.222291620401214 0.23663391072618256
1 0.2336266563032053 0.25346296913169003 0.24403638315197276 0.261790750610704
1 0.3119967793880837 0.21562738367658274 0.3234384269853377 0.2259566488685482
1 0.32407407407407407 0.21419717772692598 0.33540978048987197 0.2227784134248665
1 0.4217518433765573 0.2143560894991101 0.43298160861089924 0.22206331045003813
1 0.42980337316721756 0.22436753114670735 0.4397618442240868 0.2334255021612001
1 0.5330960250868717 0.21387935418255785 0.5440079667768455 0.22150711924739386
1 0.5311890838206628 0.21975908975336894 0.5437960844139333 0.22722794304602084
1 0.5293880837359098 0.22540045766590389 0.5404059666073395 0.23398169336384436
1 0.6372971798000197 0.21535403256342295 0.650356907456491 0.2212046152551643
1 0.6479027304472211 0.2281727249779124 0.6589465269889352 0.2368499936892591
1 0.735176952371847 0.25470266265117836 0.7455343627005753 0.26291887757540994
1 0.2222222222222222 0.3346125730994152 0.23464912280701755 0.34228801169590645
1 0.3131091617933723 0.3019005847953216 0.3248050682261208 0.3084795321637427
1 0.31603313840155944 0.32383040935672514 0.3252923976608187 0.3307748538011696
1 0.42860623781676416 0.29769736842105265 0.43884015594541914 0.30756578947368424
1 0.4208089668615984 0.30098684210526316 0.4334795321637427 0.30975877192982454
1 0.526803118908382 0.29605263157894735 0.5363060428849902 0.3042763157894737
1 0.6471734892787525 0.3207236842105263 0.658625730994152 0.32803362573099415
1 0.6330409356725146 0.32821637426900585 0.6432748538011696 0.33296783625730997
1 0.7322124756335282 0.30902777777777773 0.743421052631579 0.3168859649122807
1 0.7339181286549707 0.3287646198830409 0.7436647173489279 0.3369883040935672
1 0.2181152927120669 0.3815612620260328 0.22852999434069043 0.38951966610073574
1 0.2326565742312771 0.3993939822674967 0.24385729107715523 0.40646811922278814
1 0.2106481481481481 0.4077945199019053 0.22125935358108534 0.41531079041690244
1 0.3265853926932025 0.38951966610073574 0.33700009432182604 0.3971833144689681
1 0.424444287241401 0.38318241841162043 0.4348589888700245 0.3914355781927938
1 0.5250542350499906 0.3899617996604414 0.5348794252656731 0.3979202037351443
1 0.5211241589637176 0.38701424259573663 0.531538860592341 0.39158295604602905
1 0.6242886562283846 0.39512002452367473 0.634703357857008 0.4030784285983776
1 0.6335243350311262 0.38981442180720616 0.640991479595045 0.3979202037351443
1 0.7353133056655977 0.39099344463308805 0.7461210149028484 0.39703593661573283
1 0.7302042067534427 0.3980675815883795 0.7425839464252028 0.40469958498396524
1 0.21936605583222127 0.46467935260228493 0.22696080026907095 0.47159599485727305
1 0.2195694864867797 0.4623907577385021 0.229130727251028 0.4693073999934902
1 0.33406131927899313 0.49217866339373817 0.3426347074820109 0.4993231535629197
1 0.3412810146078502 0.4911257911582798 0.3494031718528145 0.4978190503694078
1 0.4220808431334747 0.4632976672450357 0.4325236167341431 0.47067789666473875
1 0.5220904826167984 0.46344828417196837 0.5325332562174667 0.4708285135916715
1 0.5307258530942741 0.46736432427221897 0.5395620461409936 0.4747445536919221
1 0.62531328320802 0.46585815500289185 0.6363585245164193 0.47338900134952766
1 0.731548422337896 0.49191488336225175 0.741589550800077 0.49974696356275305
1 0.7343599383073068 0.47067789666473875 0.7448027119079751 0.47715442452284557
1 0.2191627898286718 0.5435163387702483 0.22722007361321303 0.5498220391233675
1 0.22686975692692865 0.5443921304859594 0.23621153522784602 0.5499971974665098
1 0.31748500644582706 0.5408889636231153 0.3279945070343591 0.5466691889468079
1 0.32028753993610226 0.5463188722605236 0.331731218354726 0.5515736225547895
1 0.5265014760910851 0.539695803012354 0.5346105752054304 0.5459539121114684
1 0.5234458735262593 0.5462183392565014 0.5329652507474473 0.552123878828905
1 0.6250725809796358 0.537261260420555 0.6334971589730828 0.5439685205922609
1 0.7282412591763096 0.5389137737961927 0.7388691883372734 0.5465931006594501
1 0.42619569757727654 0.5483794120718462 0.43750870231133393 0.5553956505847953
1 0.4209743107769423 0.6200103122389305 0.43032929546087445 0.6253948673767753
1 0.4251079086605402 0.6227841739766081 0.4346804511278195 0.6278423924394319
1 0.33264585073795605 0.613157242063492 0.34308862433862436 0.6209893222639932
1 0.34134816207184626 0.63453229427736 0.3504855889724311 0.64187486946533
1 0.22582497911445282 0.6273528874269005 0.23670286828181564 0.6350217992898914
1 0.2345272904483431 0.6239263523391813 0.24584029518240044 0.6311057591896406
1 0.5220346683441671 0.6171585587474663 0.5323734302555858 0.6230560215279234
1 0.5268400083875026 0.6260047529181519 0.5377612357587195 0.6332127629831551
1 0.6185783183057244 0.6159572237366323 0.6290626965820927 0.6214178374222408
1 0.6305188602315882 0.6278613615712588 0.6382365275739148 0.6346325225414132
1 0.7366731902798164 0.6265508142867128 0.7458470212716385 0.6327759138883063
1 0.2364696241665736 0.6942116437590793 0.24415204678362576 0.7013702648340597
1 0.2248295898983127 0.6991004581517487 0.23693522553730403 0.7064336797407531
1 0.3454203449174955 0.7097510895072076 0.35566357507356505 0.7176081126382835
1 0.4345830074123738 0.6935132417029836 0.44459343688307823 0.702767068946251
1 0.44063582523186956 0.7032908704883227 0.45018065333184343 0.7102748910492793
1 0.6278075762655045 0.7024178679182032 0.6385164077923046 0.7097510895072076
1 0.6261779714679481 0.6943862442731031 0.6373524043654785 0.7018940663761314
1 0.723488657950609 0.6791959995530227 0.7344302901627743 0.6877514247401944
1 0.725583864118896 0.7062590792267291 0.7355942935896004 0.7149891049279248
1 0.22669199538123447 0.7612582411442619 0.23530562073974753 0.7692898647893619
1 0.24671285432264317 0.7591630349759749 0.2548608783104258 0.7673692591350989
1 0.3321507058516781 0.7647502514247402 0.341695533951652 0.773305676611912
1 0.3347115133906955 0.7736548776399598 0.34588594628822594 0.7822103028271314
1 0.4275989868514174 0.7664962565649793 0.43644541289529565 0.7757500838082467
1 0.5367825082877045 0.773131076097888 0.5481897418706001 0.7808134987149402
1 0.612209930346035 0.7635280478265728 0.6222203598167393 0.7703374678735053
1 0.7192982456140351 0.7656232539948596 0.7290758743993743 0.7743532796960555
1 0.7281446716579134 0.7677184601631466 0.7397847059261743 0.7764484858643425
1 0.2406458624437199 0.836802321068157 0.24889380530973446 0.8448076773792887
1 0.23676447756559538 0.8332848160223566 0.2487320809398126 0.8395920664493091
1 0.3543380944987838 0.8437160378823163 0.3635563835843295 0.8525704471355379
1 0.34414945919370693 0.842381811830461 0.3557936138280805 0.8486890622574134
1 0.4392433887077576 0.8403198261139574 0.44894685090306885 0.8489316488122962
1 0.6357384981628111 0.8393494798944262 0.6468974796874191 0.8495381151995032
1 0.7121732282094124 0.8386852548036758 0.7239213485101642 0.8461909983291562
1 0.71989652951824 0.8357482247284879 0.730448082010582 0.8412143640350878
1 0.5251615881809788 0.8373529647918423 0.535532672260361 0.8444412662090007
1 0.24344135802469136 0.8965262548732944 0.2528833658219623 0.9018564205653021
1 0.25471085120207926 0.8963739644249512 0.261817738791423 0.9028463084795321
1 0.32425682261208577 0.8989629020467835 0.3352217348927875 0.907338876705653
1 0.3401965562053281 0.9001812256335282 0.3493339831059129 0.9082526193957114
1 0.42811890838206634 0.9018564205653021 0.43837313190383365 0.90817647417154
1 0.4337028914879793 0.8969831262183235 0.4406067251461988 0.9042169225146198
1 0.524772579597141 0.9036077607212475 0.5336054256010396 0.9098516691033138
1 0.6229567281034445 0.8916733204693149 0.6327988111872602 0.8961091889014572
