0 0.17105263157894737 0.0625 0.8581871345029239 0.9802631578947368
1 0.2636954370742475 0.11868744529436388 0.27431943017340893 0.12522833656810137
1 0.2516417409644329 0.09091290384431024 0.259331160323395 0.09682976224714794
1 0.3431470038118238 0.11428590453867468 0.354097118640055 0.12194358619220122
1 0.35942420152946475 0.11428590453867468 0.36726685133887355 0.12138868172455437
1 0.44643322205649083 0.11317609560338099 0.45486776996472295 0.11928004474749633
1 0.4519082794706064 0.1168384650898502 0.4572353623600161 0.12449614674337674
1 0.5398051471458675 0.11095647773279359 0.5507552619740986 0.11805925491867326
1 0.7120474939034497 0.11339805739043972 0.7197421691881526 0.1216106435116131
1 0.7167826786940361 0.11928004474749633 0.7249212775528565 0.12427418495631798
1 0.2605556078628294 0.1784985720114239 0.26970938078649215 0.18506967328876756
1 0.2598363828473988 0.1823235414116687 0.2704939898942347 0.18855137620437498
1 0.3667035712257991 0.17293689320388347 0.37678135468120133 0.17905808209844998
1 0.37436836427638676 0.1692109521376256 0.38203315732697435 0.1769289729177312
1 0.4587851925876576 0.17330807239618035 0.4661876650134478 0.18042138574283811
1 0.5361784089854266 0.17796226677805627 0.5451127819548872 0.18466304650515175
1 0.6509440445843955 0.17266339593642224 0.6589881041635428 0.17893073361823364
1 0.6528964862298196 0.1695004404708352 0.6606281551456991 0.17524061890838208
1 0.7240174272338015 0.1727520367871245 0.7349511004481764 0.17993702204228518
1 0.7325561053631229 0.1775159944019593 0.7421360857033371 0.182514245014245
1 0.24959742351046696 0.252256547165014 0.2587083651156878 0.25908975336892953
1 0.35459274336855023 0.24821593001841621 0.35984297760977024 0.25442534166908987
1 0.35802558883396335 0.24034057865658623 0.36327582307518336 0.24518694872540467
1 0.24999192271655196 0.31364192594746537 0.2594827307679881 0.319851337598139
1 0.2608962553713935 0.31803394882233205 0.2689735388194242 0.3256064020548609
1 0.2528189719233627 0.3834599447513812 0.2623097799747989 0.39057805078995833
1 0.261300119543795 0.3861860279150916 0.2681658104746212 0.3934555830183193
1 0.24575134890633582 0.466908379373849 0.2548382927853704 0.47387503634777556
1 0.2538286323543666 0.4672112775031501 0.26352137249200347 0.47205764757196855
1 0.24898226228554812 0.5427843607637879 0.25685761364737814 0.5494481196084133
1 0.2497899906303512 0.5464191383154017 0.2590788665955866 0.5521742027721237
1 0.24211657135472195 0.6000321072017059 0.25120351523375656 0.6068473151109818
1 0.2625117120609996 0.6076045604342347 0.27281024845723884 0.6141168702142096
1 0.24958805854415042 0.6247183047397499 0.2596846628541889 0.6321393089076282
1 0.2550402248715712 0.6710617185228264 0.26513682918160963 0.6781798245614034
1 0.2670447399861661 0.7491216279947179 0.2770664340061623 0.7575221656291266
1 0.24680484814186002 0.7743232408979437 0.25702304596616987 0.7819868892661761
1 0.25427199270577877 0.7917138275797019 0.26566921335597055 0.7958404074702886
1 0.4490614707266251 0.24493975599919335 0.4557832560328024 0.25155651340996166
1 0.36755982388922503 0.3022849868925186 0.37659222289440086 0.3087442024601734
1 0.35663692276668685 0.31362799959669285 0.3644089870269544 0.3205598406936882
1 0.46103465080325345 0.3087442024601734 0.47153744034415546 0.31488833434160113
1 0.45557320024198433 0.3158335854002823 0.46397543187470597 0.324340844928413
1 0.5532491429723735 0.238007914902198 0.5639619883040936 0.24493975599919335
1 0.5425797940417824 0.24945913816527854 0.553532400023628 0.2537048112706008
1 0.6297572635291934 0.2491036619326093 0.6367191125963055 0.2536723753829017
1 0.6442611157523438 0.3076267056530214 0.6547038893530122 0.3148061125034809
1 0.6442611157523438 0.3161114592035645 0.6523832729973081 0.32155040378724586
1 0.7347651536248028 0.2436647173489279 0.7431773879142299 0.2501914508493456
1 0.7425972338253041 0.24214181286549707 0.7521697762925833 0.24779831523252577
1 0.7405666945140629 0.30218776106934 0.7486888517590272 0.30914961013645226
1 0.7388262322472848 0.33003515733778893 0.7486888517590272 0.3356916597048176
1 0.36509096816114356 0.37664473684210525 0.37321312540610785 0.3823302469135803
1 0.35520901017977036 0.3946150097465887 0.36536170673597573 0.400808154645874
1 0.446041802035954 0.38679743339831063 0.4556530214424951 0.39258447043534767
1 0.4425222005631362 0.39075698505523065 0.45281026640675764 0.3965440220922677
1 0.5471626597357592 0.3827363547758285 0.5554201862681395 0.38852339181286555
1 0.5417478882391162 0.3924829434697856 0.5523066926575698 0.3983715074723847
1 0.6473359324236517 0.3802997076023392 0.655728828243448 0.38720354126055884
1 0.6358295429932856 0.3910615659519168 0.6462529781243231 0.39715318388564
1 0.7510288065843621 0.38314246263807666 0.760504656703487 0.38791423001949316
1 0.34781696053736355 0.4628173472093332 0.3583123425692695 0.46916981528127627
1 0.3437661113320665 0.46951505811127314 0.35472181713730166 0.476005623315215
1 0.44844253490870034 0.45927318295739344 0.45992958586943544 0.4649794128177587
1 0.5467537892349922 0.46095148585750084 0.5579424752357083 0.4668814894378804
1 0.5464554242749732 0.46855979233798783 0.5561522854755937 0.4750492302184032
1 0.6429764888411504 0.47034998209810236 0.6532700799618093 0.477734514858575
1 0.7451664876476906 0.468000358037952 0.7553108962883398 0.4750492302184032
1 0.3609120076455731 0.5161401802170797 0.3693027965503903 0.5232865724622842
1 0.36873392950599587 0.5163535053587276 0.3779780189774046 0.5233932350331081
1 0.544371629462762 0.5384326575192846 0.5546112362618608 0.5470723257560244
1 0.5574555714838327 0.5369393815277494 0.5668418777163402 0.5452590620520172
1 0.4464997033646919 0.541094584286804 0.4572703901460575 0.5491725993728283
1 0.6460545552477686 0.53893986611265 0.6573080178516466 0.5467307248384118
1 0.7490670206217297 0.5129703370267774 0.7580120806401969 0.5201119575253924
1 0.7510868728839643 0.5328803093259464 0.7611861341951369 0.5406711680517082
1 0.7492392906385205 0.6057445442875481 0.7607093614795796 0.6121630295250321
1 0.7541125849854989 0.613054485808016 0.7639780345171872 0.6188489516474112
1 0.6463023120277098 0.6090282330968986 0.6559054062108839 0.616354731676303
1 0.6554914797374712 0.612567304444577 0.6622384812540979 0.6197696250819574
1 0.547514619883041 0.6079130116959064 0.5579922027290448 0.6162280701754386
1 0.5433723196881092 0.6193347953216375 0.5553118908382066 0.625639619883041
1 0.45004873294346975 0.620796783625731 0.46064814814814814 0.6287463450292398
1 0.3548267910153015 0.6146561938615602 0.36454152811221957 0.6224200206398348
1 0.34750649772579595 0.6801976730019492 0.3559332358674464 0.687203033625731
1 0.3446637426900585 0.7034981115984404 0.35603476283300844 0.7103511817738791
1 0.44923651721897345 0.701289900097466 0.4607090643274854 0.7085998416179337
1 0.45634340480831714 0.7033458211500975 0.46710526315789475 0.7121786671539961
1 0.5525909681611436 0.7061631944444443 0.5617283950617284 0.7124071028265107
1 0.6690423976608187 0.6805022538986355 0.6797027290448343 0.6874314692982456
1 0.6556408382066278 0.6742583455165692 0.6660981156595193 0.6802738182261208
1 0.7546484513301347 0.6715699739955316 0.7638049542785286 0.6794674577885216
1 0.7529697591229291 0.6914281397648612 0.7635760417048187 0.6994400798447058
1 0.3446449992502624 0.7843145524066577 0.35413386564702354 0.7937155589293747
1 0.3562425026240816 0.7872139282501124 0.3670199805068226 0.7951213169140801
1 0.45991715399610134 0.7756164248762932 0.4697574598890388 0.7836995332883491
1 0.4520683385814965 0.786686769005848 0.4629629629629629 0.7943305780476834
1 0.5569144549407707 0.7745621063877642 0.5683948118158644 0.7820301956815114
1 0.5579687734292997 0.7812394568151148 0.5686291048133153 0.7874775078722447
1 0.5601945569050832 0.7865989091318039 0.5712063277852751 0.7938034188034188
1 0.6726551956815114 0.7704326923076923 0.6823783550757235 0.7771979026090868
1 0.6614091318038686 0.785632450517319 0.6738266606687658 0.7914312022042286
1 0.7719954266006898 0.8301774066576698 0.7821871719898036 0.8394905533063428
1 0.7577920865994774 0.7439226390444195 0.7675127535149932 0.7520879992534527
1 0.6741943511260421 0.8614455020530047 0.6850814980714197 0.8684443822321761
1 0.6757496578325245 0.8655281821575215 0.6854703247480403 0.8725270623366927
1 0.5563798681099913 0.8710689622993654 0.5680446684086101 0.8792343225083986
1 0.562989921612542 0.828784061216872 0.5730994152046783 0.8360745614035088
1 0.46733855916386713 0.8623203620754012 0.4770592260793829 0.8719438223217618
1 0.46033967898469574 0.8693192422545725 0.4700603459002115 0.8766097424412093
1 0.35963356973995275 0.8363661814109742 0.3705207166853303 0.8445315416200074
1 0.2542615403757621 0.8381159014557671 0.26670399402762224 0.8459896416573348
1 0.2371531666044544 0.85852930197835 0.2492067935796939 0.864653322135125
1 0.3565229563269877 0.91714492347891 0.36818775662560654 0.9253102836879432
1 0.46928269254697025 0.9477650242627846 0.47978101281572727 0.9579717245240762
1 0.5571575214632325 0.9489315042926464 0.5676558417319896 0.9570968645016797
1 0.6726390444195596 0.9358086039567002 0.6854703247480403 0.9428074841358716
1 0.6765273111857658 0.9410577640910787 0.6870256314545228 0.9518477043673012
1 0.7710121936045787 0.9025639231056364 0.7818993405499565 0.9104376633072041
1 0.7679015801916137 0.9221024636058229 0.7787887271369914 0.9291013437849944
