0 0.13084795321637444 0.036732456140350894 0.8494453166533761 0.9997258771929824
3 0.34025257108287965 0.09622025610002014 0.3509654164145997 0.10787835249042142
3 0.26442243059756676 0.07920573704375879 0.27723583383746725 0.09291187739463598
3 0.4550157444894288 0.08665166204986156 0.4720328148305988 0.09419836280985872
3 0.441106139167081 0.09220070672633006 0.4637462414470725 0.10041329284750344
3 0.5476339034476009 0.08256487190780304 0.5607856810785681 0.0986222748293328
3 0.643672465683036 0.0915111392497982 0.6552949668452862 0.09885166629964039
3 0.7198304338251487 0.0887584416061074 0.7348173432185764 0.10321010423548417
3 0.259289586627513 0.14316975378360064 0.2718388424566423 0.15646412167758453
3 0.34682064603569007 0.15752296513816733 0.3612522902391888 0.17164087794593783
3 0.4379596164947418 0.15681706949777877 0.45615603744697936 0.16481722008884875
3 0.43984200486911124 0.17469975905428808 0.4572540973320282 0.18458229801972745
3 0.5284711241623371 0.15928770423913863 0.5479224706974876 0.16858199683758754
3 0.6407869638330447 0.15905240569234247 0.6599245789724669 0.17222912431292825
3 0.7388280249981176 0.15740531586476922 0.7604754913033659 0.17140557939914167
3 0.25525451172734703 0.23595194302961706 0.26606222096459786 0.2487738162610828
3 0.35409592529711376 0.23786785512167516 0.36745818399044206 0.2499528390869647
3 0.441343614412375 0.22003513488021126 0.45608139973589884 0.2358045651763818
3 0.5422009676131425 0.234904530402311 0.557173136992414 0.24701437328260412
3 0.6386393527325677 0.23138166701895302 0.6591893891354893 0.24305115197632635
3 0.7441784682590008 0.23468435144085112 0.7651688625848422 0.2440419573028958
3 0.2459375210055791 0.3044905726961081 0.26484254217920283 0.31205258116555756
3 0.34382351952678636 0.3016548195200645 0.35558664381259664 0.31772408751764464
3 0.43750840223163284 0.29976431740270215 0.4522123075888957 0.3147307924984876
3 0.5517787524366473 0.30638107481347043 0.5645921556765477 0.3210324662230288
3 0.6429429656516772 0.3073263258721516 0.6633183773610272 0.3164637527727365
3 0.74881108422397 0.3111073301068764 0.7601540969281442 0.32276542649727763
3 0.24998444693293517 0.3791060097051139 0.26145483389324375 0.39674902015677493
3 0.3444693293517482 0.3858132698768197 0.3650771432126415 0.3963115901455767
3 0.43739890506407864 0.3789601997013811 0.447508398656215 0.3926663400522583
3 0.541993281075028 0.3671495893990295 0.5651284683339554 0.37473170959313173
3 0.6491150304840114 0.3776479096677865 0.6613630707975613 0.3920831000373274
3 0.7539038198332711 0.3802724897349757 0.76556862013189 0.3957283501306457
3 0.24206165999794804 0.45010483995075407 0.25713039909715807 0.46621556632810096
3 0.33247409459320815 0.44986438134810713 0.34497794193085046 0.4664560249307479
3 0.4392377141684621 0.45323080178516467 0.45142095003590843 0.46669648353339493
3 0.5434364419821482 0.45948272545398583 0.5559402893197907 0.473669783010157
3 0.6425053862726992 0.45130713296398894 0.6707191956499435 0.4614063942751616
3 0.7531163434903045 0.4539521775931056 0.7729942546424541 0.4683796937519237
3 0.23511302294197028 0.5258308029689609 0.26006522717049035 0.535319669365722
3 0.33808479532163743 0.5279394399460189 0.3609283625730994 0.5379554655870445
3 0.44140800719748086 0.5371647267206477 0.46214293747188484 0.5448085357624831
3 0.5426225820962662 0.5284665991902834 0.5577344804318488 0.5429634784075573
3 0.6540247678018576 0.5254772961816305 0.6701496388028896 0.5428921568627451
3 0.756578947368421 0.5361197110423117 0.7774337805297558 0.5496646026831785
3 0.22913855150697254 0.5991059379217274 0.24952204228520014 0.6114941801619432
3 0.3363275978407557 0.6112306005398112 0.3482765407107512 0.6270453778677463
3 0.4389479307242465 0.6043775303643725 0.45511414754835805 0.6183472503373819
3 0.5531657669815564 0.6051682692307693 0.5633575123706702 0.6201923076923077
3 0.6431342780026991 0.6041139507422403 0.6642206477732793 0.6130756578947368
3 0.7555949167791274 0.6067497469635628 0.7696524966261807 0.6217737854251012
3 0.23517492561813896 0.6800169282856263 0.24671693854519341 0.6963681132656202
3 0.34161793372319693 0.6963681132656202 0.3602133989945625 0.7107956294244382
3 0.43587770596080844 0.6756886734379809 0.4487021647686468 0.6934826100338565
3 0.5468092746486098 0.6829024315173899 0.5577100646352724 0.7016582025238534
3 0.6558171745152355 0.689635272391505 0.6712065250846414 0.7069482917820867
3 0.7564891761567661 0.6872306863650354 0.7744434184877398 0.7026200369344412
3 0.7596952908587258 0.7685056940597107 0.7795732020108751 0.7790858725761772
3 0.5205191340925412 0.7781240381655893 0.545526828767826 0.787742382271468
3 0.4153585718682672 0.765620190827947 0.4384425977223761 0.7800477069867651
3 0.34354160254437266 0.7617728531855955 0.3570072842926029 0.7781240381655893
3 0.227480250333436 0.7632156048014773 0.2512054991279368 0.77331486611265
3 0.22235046681030066 0.8406432748538011 0.23517492561813896 0.8603608802708524
3 0.3364881502000616 0.8473761157279163 0.35059505488868375 0.86372730070791
3 0.4281830306761055 0.8416051092643889 0.4390838206627681 0.856513542628501
3 0.5551451728737047 0.8483379501385041 0.5666871858007592 0.864689135118498
3 0.644275161588181 0.8449715297014465 0.6686416333230738 0.8550707910126192
3 0.7487945008720631 0.8517043705755616 0.7738021955473479 0.8613227146814404
3 0.32628138974888204 0.9242453560371516 0.34993120055039556 0.9339202786377708
3 0.4221706226350189 0.9287603199174407 0.44711042311661503 0.9368227554179566
3 0.5266597867217062 0.9316627966976264 0.5404196766425868 0.9497226522187823
3 0.6664086687306502 0.9429502063983487 0.6788785689714483 0.9590750773993808
3 0.7536979704162367 0.9384352425180598 0.7661678706570346 0.9571400928792569
