0 0.25583333333333336 0.0044444444444444444 0.7108333333333333 0.9988888888888889
1 0.31583665338645417 0.0691899070385126 0.3221115537848605 0.07835325365205842
1 0.3103585657370518 0.07556440903054448 0.31613545816733063 0.08260292164674635
1 0.3824701195219123 0.07038512616201859 0.38884462151394417 0.07729083665338644
1 0.3780876494023904 0.07543160690571048 0.3863545816733067 0.08127490039840636
1 0.3073705179282868 0.15816733067729083 0.3143426294820717 0.16799468791500663
1 0.31872509960159356 0.16613545816733066 0.325597609561753 0.17556440903054446
1 0.37998007968127484 0.17038512616201856 0.3867529880478087 0.18100929614873837
1 0.30707171314741033 0.26268260292164675 0.3140438247011952 0.27144754316069053
1 0.38605577689243026 0.2548472775564409 0.3930278884462151 0.2638778220451527
1 0.31603585657370514 0.3519256308100929 0.3225099601593625 0.3601593625498008
1 0.3818725099601593 0.348738379814077 0.38924302788844617 0.35697211155378483
1 0.4428888888888889 0.06740740740740742 0.4497777777777778 0.07807407407407407
1 0.4454444444444445 0.08074074074074074 0.4514444444444445 0.08859259259259258
1 0.5154444444444445 0.08 0.5216666666666666 0.08814814814814816
1 0.5752222222222222 0.07807407407407407 0.5817777777777778 0.08785185185185185
1 0.6516666666666666 0.08325925925925926 0.6582222222222222 0.09377777777777777
1 0.6537777777777778 0.1645925925925926 0.6607777777777778 0.17407407407407405
1 0.6564444444444445 0.17392592592592596 0.6644444444444445 0.18162962962962964
1 0.5833333333333334 0.16444444444444445 0.5893333333333334 0.17274074074074072
1 0.5888888888888889 0.16237037037037036 0.596111111111111 0.17274074074074072
1 0.6481111111111111 0.26385185185185184 0.6545555555555556 0.27274074074074073
1 0.6587777777777778 0.34651851851851856 0.6645555555555556 0.35674074074074075
1 0.6614444444444445 0.4405925925925926 0.6688888888888889 0.4497777777777778
1 0.5838888888888889 0.43792592592592594 0.5908888888888889 0.44814814814814813
1 0.652 0.5342222222222223 0.6594444444444445 0.542962962962963
1 0.5881111111111111 0.5294814814814814 0.5946666666666667 0.5394074074074073
1 0.6591029023746702 0.6304309586631487 0.66688654353562 0.6353562005277045
1 0.6574538258575198 0.721108179419525 0.6649076517150396 0.730255057167986
1 0.657311320754717 0.8146540880503146 0.6633962264150943 0.8228930817610064
1 0.6519811320754717 0.8163522012578616 0.6584905660377359 0.8255345911949686
1 0.592135922330097 0.8075728155339805 0.598009708737864 0.8159870550161812
1 0.5844660194174757 0.7128802588996764 0.5906796116504854 0.7220064724919093
1 0.5822115384615385 0.6256410256410256 0.5892628205128204 0.6336538461538461
1 0.5913494809688581 0.3461361014994233 0.5993079584775086 0.35524798154555937
1 0.5842948717948718 0.2574074074074074 0.5905982905982906 0.26524216524216526
1 0.4502252252252252 0.16486486486486485 0.45743243243243237 0.17462462462462458
1 0.5194819819819819 0.16966966966966968 0.5268018018018017 0.1791291291291291
1 0.4453828828828828 0.2581081081081081 0.4530405405405405 0.26621621621621616
1 0.5207207207207207 0.2531531531531531 0.5274774774774774 0.26336336336336336
1 0.45043352601156067 0.3556840077071291 0.45505780346820807 0.36685934489402694
1 0.5216763005780347 0.3508670520231214 0.5265895953757225 0.36262042389210014
1 0.30322580645161284 0.4406810035842294 0.310752688172043 0.45071684587813615
1 0.3754032258064516 0.44175627240143367 0.3821236559139785 0.45071684587813615
1 0.4479838709677419 0.44157706093189963 0.45551075268817204 0.45107526881720433
1 0.5240591397849462 0.442831541218638 0.5310483870967742 0.4528673835125448
1 0.311036036036036 0.5378378378378378 0.31869369369369366 0.5477477477477477
1 0.37702702702702695 0.5378378378378378 0.38468468468468464 0.5465465465465464
1 0.45090090090090085 0.536036036036036 0.45743243243243237 0.5441441441441441
1 0.5172297297297297 0.5351351351351351 0.5237612612612612 0.5427927927927928
1 0.5210585585585585 0.5301801801801801 0.528153153153153 0.5396396396396396
1 0.31087662337662336 0.6222943722943722 0.3167207792207792 0.6324675324675325
1 0.37256493506493504 0.6231601731601731 0.3792207792207792 0.6341991341991342
1 0.45016233766233765 0.6279220779220779 0.45779220779220775 0.638095238095238
1 0.5219155844155844 0.6274891774891775 0.5293831168831168 0.6365800865800866
1 0.5232142857142856 0.6370129870129869 0.5295454545454545 0.6432900432900432
1 0.31169154228855717 0.7197346600331673 0.3191542288557213 0.7298507462686566
1 0.3803482587064676 0.7257048092868987 0.3853233830845771 0.7346600331674958
1 0.3817164179104477 0.7278606965174128 0.38743781094527363 0.7368159203980099
1 0.4523631840796019 0.7223880597014923 0.4590796019900497 0.7313432835820894
1 0.5143034825870646 0.7199004975124378 0.5212686567164178 0.7285240464344941
1 0.3108072916666667 0.815451388888889 0.31770833333333337 0.8243055555555556
1 0.3815104166666667 0.8215277777777779 0.3889322916666667 0.8329861111111112
1 0.44375 0.809375 0.45247395833333337 0.8182291666666667
1 0.4454427083333334 0.8190972222222224 0.45169270833333336 0.8289930555555557
1 0.517578125 0.812326388888889 0.5229166666666667 0.8210069444444444
1 0.3085 0.9086666666666666 0.3165 0.916
1 0.31075 0.915 0.31725 0.9223333333333333
1 0.38025 0.8986666666666666 0.38675 0.9073333333333333
1 0.38275 0.9133333333333333 0.38775 0.9246666666666666
1 0.44925 0.9086666666666666 0.456 0.9183333333333333
1 0.455 0.9013333333333333 0.459 0.9133333333333333
1 0.52 0.901 0.528 0.9106666666666666
1 0.5885 0.9053333333333333 0.59525 0.9146666666666666
1 0.6565891472868217 0.9049095607235141 0.6618217054263565 0.9157622739018086
1 0.6598837209302326 0.9886304909560724 0.6674418604651163 0.9971576227390181
1 0.6581395348837209 0.99328165374677 0.6643410852713179 0.9994832041343669
1 0.5887596899224805 0.99328165374677 0.5957364341085271 0.9992248062015504
1 0.3742248062015504 0.9958656330749355 0.3802325581395349 0.9992248062015504
