0 0.2441666666666667 0.010000000000000002 0.7018320254110613 0.9996666666666667
1 0.2954545454545454 0.07164502164502164 0.30097402597402595 0.07965367965367966
1 0.30064935064935067 0.06645021645021645 0.30698051948051946 0.0764069264069264
1 0.36314935064935067 0.07251082251082251 0.3711038961038961 0.07857142857142857
1 0.36737012987012985 0.06645021645021645 0.3737012987012987 0.07424242424242423
1 0.42808441558441557 0.0632034632034632 0.43457792207792206 0.07380952380952381
1 0.43003246753246754 0.07705627705627706 0.4362012987012987 0.08419913419913419
1 0.500974025974026 0.07467532467532467 0.5069805194805195 0.08376623376623377
1 0.5603896103896104 0.07251082251082251 0.5673701298701299 0.08246753246753247
1 0.6365259740259741 0.07575757575757576 0.6436688311688311 0.08679653679653679
1 0.6394480519480519 0.15714285714285714 0.647077922077922 0.16753246753246753
1 0.6423701298701299 0.16753246753246753 0.65 0.17489177489177488
1 0.5689530685920577 0.15812274368231047 0.5752707581227438 0.16726835138387483
1 0.5745487364620939 0.15740072202166064 0.5818592057761733 0.16666666666666666
1 0.5052346570397112 0.16450060168471722 0.5114620938628159 0.17436823104693142
1 0.43546931407942235 0.16064981949458482 0.44314079422382674 0.17051744885679904
1 0.3653429602888087 0.16702767749699157 0.3726534296028881 0.17773766546329725
1 0.2927797833935018 0.1553549939831528 0.29927797833935016 0.1654632972322503
1 0.30415162454873645 0.16305655836341756 0.3117328519855596 0.17376654632972324
1 0.29304577464788734 0.26021126760563384 0.3007042253521127 0.2687793427230047
1 0.3727112676056338 0.2512910798122066 0.3792253521126761 0.26021126760563384
1 0.43213028169014084 0.25328638497652584 0.4393485915492958 0.2620892018779343
1 0.50625 0.24847417840375585 0.5136443661971831 0.2584507042253521
1 0.570774647887324 0.25105633802816907 0.5772007042253522 0.2596244131455399
1 0.6341011235955055 0.25670411985018726 0.6411235955056179 0.26614232209737826
1 0.6463010204081633 0.33996598639455783 0.6520408163265305 0.35
1 0.5786989795918367 0.33996598639455783 0.5863520408163265 0.3489795918367347
1 0.5086734693877552 0.34523809523809523 0.5139030612244898 0.35748299319727894
1 0.4375 0.3513605442176871 0.44234693877551023 0.3627551020408163
1 0.3690051020408163 0.345578231292517 0.3761479591836735 0.35289115646258506
1 0.3031887755102041 0.3489795918367347 0.31058673469387754 0.3576530612244898
1 0.2912087912087912 0.4380952380952381 0.2989010989010989 0.44871794871794873
1 0.36346153846153845 0.4380952380952381 0.3697802197802198 0.44761904761904764
1 0.4357142857142857 0.436996336996337 0.44285714285714284 0.44688644688644685
1 0.29917582417582417 0.5351648351648352 0.3071428571428571 0.545054945054945
1 0.36538461538461536 0.5347985347985348 0.37307692307692303 0.5439560439560439
1 0.43956043956043955 0.5311355311355311 0.4461538461538461 0.5399267399267399
1 0.3008241758241758 0.6201465201465202 0.30549450549450546 0.63003663003663
1 0.3618131868131868 0.6201465201465202 0.36813186813186816 0.6311355311355311
1 0.4392857142857143 0.6238095238095238 0.4472527472527472 0.6336996336996337
1 0.30164835164835163 0.7161172161172161 0.30879120879120875 0.7271062271062271
1 0.3700549450549451 0.721978021978022 0.375 0.7315018315018315
1 0.37252747252747254 0.7252747252747253 0.3769230769230769 0.734065934065934
1 0.442032967032967 0.717948717948718 0.44890109890109886 0.7271062271062271
1 0.30137362637362636 0.8124542124542123 0.30824175824175826 0.823076923076923
1 0.37197802197802193 0.8179487179487179 0.3791208791208791 0.83003663003663
1 0.435989010989011 0.8142857142857142 0.44258241758241756 0.8252747252747252
1 0.43379120879120875 0.8047619047619048 0.442032967032967 0.8139194139194139
1 0.29972527472527466 0.9051282051282051 0.3071428571428571 0.9142857142857143
1 0.30137362637362636 0.9128205128205129 0.30851648351648353 0.9208791208791208
1 0.3714285714285714 0.8941391941391941 0.37857142857142856 0.9047619047619048
1 0.37280219780219775 0.9106227106227106 0.3799450549450549 0.921978021978022
1 0.4403846153846154 0.9036630036630036 0.4472527472527472 0.9150183150183151
1 0.44587912087912085 0.8978021978021978 0.4505494505494505 0.9080586080586079
1 0.5104395604395604 0.8956043956043956 0.5186813186813186 0.9043956043956044
1 0.5068681318681318 0.8065934065934066 0.514010989010989 0.8172161172161172
1 0.5818681318681318 0.7996336996336997 0.5887362637362638 0.810989010989011
1 0.5791208791208791 0.9 0.5873626373626373 0.9095238095238095
1 0.5038461538461538 0.7142857142857142 0.5118131868131868 0.7241758241758242
1 0.5741758241758241 0.7065934065934066 0.5807692307692307 0.7164835164835164
1 0.36483516483516487 0.9923076923076922 0.37197802197802193 0.9996336996336996
1 0.4403846153846154 0.9926739926739926 0.4472527472527472 0.9992673992673992
1 0.5793956043956043 0.9864468864468865 0.5876373626373625 0.997069597069597
1 0.6497252747252747 0.9864468864468865 0.6560439560439559 0.9956043956043956
1 0.6516483516483517 0.9827838827838827 0.6587912087912088 0.99010989010989
1 0.6478021978021977 0.8981684981684982 0.6532967032967033 0.9106227106227106
1 0.6477544910179641 0.8075848303393214 0.6544910179640718 0.8165668662674651
1 0.6434131736526946 0.8073852295409182 0.6491017964071857 0.8189620758483034
1 0.6473958333333334 0.713888888888889 0.6545572916666668 0.7236111111111112
1 0.6485677083333333 0.6227430555555555 0.65625 0.6282986111111112
1 0.5709635416666667 0.6199652777777779 0.578515625 0.628125
1 0.64046875 0.5272916666666667 0.6484375 0.5364583333333334
1 0.57625 0.5233333333333333 0.58328125 0.5339583333333333
1 0.64921875 0.43395833333333333 0.6571875 0.44354166666666667
1 0.57125 0.4320833333333333 0.57890625 0.4427083333333333
1 0.5111725663716813 0.4376106194690265 0.5184734513274336 0.4476401179941002
1 0.5057522123893805 0.5300884955752212 0.5125 0.5376106194690264
1 0.5097345132743363 0.5247787610619469 0.5163716814159292 0.5352507374631268
1 0.5110144927536232 0.6226086956521739 0.5181159420289855 0.6311111111111111
1 0.5119565217391304 0.6311111111111111 0.5185507246376811 0.638743961352657
