0 0.2472222222222222 0.0012345679012345746 0.7037037037037036 0.9975308641975307
1 0.30357142857142855 0.00021645021645021645 0.3099025974025974 0.008008658008658008
1 0.2987012987012987 0.0032467532467532465 0.30405844155844153 0.011688311688311689
1 0.37142857142857144 0.0004329004329004329 0.37711038961038956 0.006277056277056277
1 0.3672077922077922 0.0032467532467532465 0.3748376623376623 0.010822510822510822
1 0.3685064935064935 0.09913419913419913 0.3753246753246753 0.1093073593073593
1 0.2954545454545454 0.08679653679653679 0.30227272727272725 0.09653679653679655
1 0.30746753246753245 0.09545454545454546 0.3150974025974026 0.10497835497835498
1 0.43847402597402596 0.09285714285714285 0.44626623376623376 0.10324675324675324
1 0.5086038961038961 0.09696969696969696 0.5147727272727273 0.10714285714285715
1 0.43074712643678165 0.00019157088122605362 0.43764367816091954 0.00632183908045977
1 0.4329022988505747 0.009386973180076627 0.4392241379310345 0.016475095785440614
1 0.503108108108108 0.007027027027027027 0.5097297297297296 0.015495495495495495
1 0.5633783783783783 0.005765765765765765 0.5701351351351351 0.016036036036036035
1 0.6397297297297296 0.009189189189189189 0.6463513513513514 0.02
1 0.5709459459459459 0.0917117117117117 0.5779729729729729 0.10144144144144145
1 0.5777027027027027 0.09063063063063062 0.5843243243243242 0.10018018018018017
1 0.6428378378378378 0.09117117117117116 0.6494594594594595 0.10108108108108108
1 0.6455405405405406 0.1 0.6531081081081082 0.10828828828828828
1 0.2960059171597633 0.19191321499013808 0.303698224852071 0.20039447731755425
1 0.37529585798816567 0.18303747534516765 0.3819526627218935 0.19211045364891519
1 0.4349112426035503 0.18560157790927023 0.4415680473372781 0.19447731755424064
1 0.37144970414201184 0.27751479289940834 0.3784023668639053 0.28540433925049313
1 0.30591715976331363 0.28007889546351084 0.31168639053254443 0.28974358974358977
1 0.44038461538461543 0.28402366863905326 0.44467455621301777 0.2944773175542406
1 0.5107988165680474 0.278698224852071 0.5156804733727811 0.290138067061144
1 0.5094674556213018 0.18067061143984223 0.5164201183431953 0.19171597633136092
1 0.5732248520710059 0.1842209072978304 0.579585798816568 0.19250493096646945
1 0.5807692307692308 0.27278106508875744 0.5887573964497042 0.2822485207100592
1 0.6371069182389937 0.190251572327044 0.6437106918238993 0.19958071278825995
1 0.6485062893081761 0.2732704402515723 0.6542452830188679 0.2830188679245283
1 0.6517857142857143 0.36693121693121694 0.6593253968253968 0.37671957671957673
1 0.5734126984126985 0.36481481481481476 0.5807539682539682 0.3751322751322751
1 0.5136904761904761 0.37037037037037035 0.5206349206349206 0.3798941798941799
1 0.4380952380952381 0.3695767195767196 0.44523809523809527 0.3791005291005291
1 0.36547619047619045 0.3701058201058201 0.3716269841269841 0.37936507936507935
1 0.29365079365079366 0.37063492063492065 0.3009920634920635 0.3806878306878307
1 0.3014705882352941 0.4669117647058823 0.3095588235294118 0.47696078431372546
1 0.3681985294117647 0.4661764705882353 0.3751838235294117 0.4752450980392156
1 0.44099264705882346 0.4637254901960784 0.4481617647058823 0.47254901960784307
1 0.3020220588235294 0.5504901960784313 0.3075367647058823 0.5610294117647059
1 0.36415441176470587 0.5519607843137254 0.3696691176470588 0.5622549019607843
1 0.441360294117647 0.5561274509803921 0.4483455882352941 0.5656862745098039
1 0.5125 0.5549019607843136 0.520220588235294 0.5634803921568627
1 0.5136029411764705 0.5639705882352941 0.5200367647058823 0.5705882352941176
1 0.5729779411764705 0.5522058823529411 0.5806985294117646 0.5607843137254902
1 0.5079044117647059 0.4625 0.5141544117647059 0.47009803921568627
1 0.5115808823529412 0.45808823529411763 0.5185661764705882 0.4674019607843137
1 0.5784926470588235 0.4566176470588235 0.5854779411764705 0.4661764705882353
1 0.6431985294117646 0.4602941176470588 0.65 0.47009803921568627
1 0.6503676470588236 0.5561274509803921 0.6582720588235293 0.5612745098039216
1 0.649264705882353 0.6473039215686274 0.6568014705882352 0.6566176470588235
1 0.5759191176470588 0.6397058823529411 0.5818014705882353 0.649264705882353
1 0.6494485294117647 0.7404411764705882 0.6558823529411765 0.7492647058823528
1 0.6446691176470588 0.7424019607843136 0.6512867647058823 0.7519607843137254
1 0.6496323529411765 0.8316176470588235 0.6545955882352941 0.8431372549019607
1 0.6534926470588235 0.9156862745098039 0.6597426470588236 0.9235294117647058
1 0.6509191176470588 0.9193627450980392 0.656985294117647 0.9286764705882353
1 0.5808823529411765 0.9203431372549019 0.588970588235294 0.9301470588235293
1 0.5805147058823529 0.832843137254902 0.5880514705882353 0.8416666666666667
1 0.5838235294117646 0.7338235294117648 0.5898897058823529 0.742892156862745
1 0.5060457516339869 0.6470588235294118 0.5127450980392156 0.6562091503267974
1 0.44411764705882356 0.6503267973856209 0.4508169934640523 0.6596949891067538
1 0.5084967320261438 0.7398692810457516 0.5145424836601308 0.7485838779956426
1 0.5125816993464052 0.8289760348583877 0.5202614379084968 0.8374727668845315
1 0.4470588235294118 0.8302832244008714 0.45098039215686275 0.8396514161220043
1 0.44150326797385625 0.8368191721132897 0.4483660130718954 0.8466230936819171
1 0.4372549019607843 0.747276688453159 0.4437908496732026 0.7566448801742919
1 0.43578431372549015 0.7370370370370369 0.4434640522875817 0.7466230936819171
1 0.3026785714285714 0.649047619047619 0.31089285714285714 0.6588095238095237
1 0.3714285714285714 0.654047619047619 0.37732142857142853 0.6638095238095237
1 0.3737499999999999 0.6566666666666666 0.3789285714285714 0.6657142857142856
1 0.37321428571428567 0.7497619047619047 0.38071428571428567 0.7609523809523809
1 0.3026785714285714 0.7445238095238095 0.3096428571428571 0.754047619047619
1 0.3727941176470588 0.8274509803921568 0.3795955882352941 0.8362745098039215
1 0.37481617647058824 0.8424019607843136 0.3806985294117647 0.8524509803921567
1 0.300735294117647 0.8372549019607842 0.3088235294117647 0.8458333333333333
1 0.3034926470588235 0.843627450980392 0.31084558823529407 0.8519607843137254
1 0.30790441176470584 0.926470588235294 0.3154411764705882 0.9348039215686273
1 0.31047794117647054 0.9286764705882353 0.3180147058823529 0.9377450980392156
1 0.36636029411764703 0.9242647058823529 0.37352941176470583 0.9306372549019607
1 0.4411764705882352 0.9245098039215687 0.4483455882352941 0.9362745098039215
1 0.504595588235294 0.932843137254902 0.5119485294117647 0.9411764705882353
