0 0.29 0.3111111111111111 0.785 0.9988888888888889
1 0.34783464566929134 0.39553805774278217 0.3551181102362204 0.40341207349081365
1 0.35236220472440943 0.38871391076115486 0.3590551181102362 0.39763779527559057
1 0.4206692913385827 0.3910761154855643 0.42618110236220474 0.4015748031496063
1 0.49763779527559054 0.39028871391076114 0.502755905511811 0.39921259842519685
1 0.5669811320754717 0.38993710691823896 0.5731132075471698 0.3984276729559748
1 0.6404481132075471 0.3886792452830189 0.6465801886792453 0.3974842767295597
1 0.7121462264150943 0.3918238993710692 0.7188679245283018 0.39968553459119494
1 0.7189858490566037 0.4885220125786163 0.7232311320754717 0.4965408805031446
1 0.6436320754716981 0.48789308176100626 0.6495283018867924 0.495125786163522
1 0.5740566037735849 0.4927672955974842 0.5804245283018867 0.4993710691823899
1 0.5001179245283018 0.4891509433962264 0.5075471698113208 0.4962264150943396
1 0.4185141509433962 0.4908805031446541 0.4258254716981132 0.500314465408805
1 0.3525943396226415 0.4943396226415094 0.35919811320754713 0.5031446540880503
1 0.33867924528301885 0.49465408805031447 0.3450471698113207 0.5042452830188678
1 0.34284511784511784 0.5873176206509539 0.3505050505050505 0.5946127946127946
1 0.41961279461279455 0.5896745230078563 0.4282828282828282 0.597418630751964
1 0.49166666666666664 0.5821548821548821 0.49806397306397304 0.5924803591470258
1 0.5687710437710438 0.5868686868686869 0.5756734006734006 0.5951739618406284
1 0.6421717171717171 0.5914702581369248 0.6496632996632996 0.6003367003367003
1 0.7212121212121211 0.5949494949494949 0.7276936026936026 0.6043771043771043
1 0.34893939393939394 0.6868686868686869 0.3551515151515151 0.692121212121212
1 0.41545454545454547 0.69010101010101 0.42212121212121206 0.6983838383838383
1 0.4992424242424242 0.6828282828282828 0.5054545454545455 0.6905050505050505
1 0.49636363636363634 0.6892929292929292 0.501969696969697 0.698989898989899
1 0.5686363636363636 0.6878787878787879 0.5748484848484847 0.6969696969696968
1 0.6424242424242423 0.6816161616161616 0.649090909090909 0.6894949494949495
1 0.6454545454545454 0.687070707070707 0.6513636363636363 0.6977777777777777
1 0.7218973747016706 0.7968178202068416 0.72881861575179 0.8038186157517899
1 0.6442720763723149 0.7800318217979316 0.6511933174224344 0.7890214797136038
1 0.5718971631205674 0.7859338061465722 0.5791666666666667 0.7965721040189127
1 0.4207446808510638 0.780614657210402 0.4278368794326241 0.7901891252955083
1 0.3395569620253165 0.8864978902953586 0.3462025316455696 0.8974683544303796
1 0.34920886075949364 0.8966244725738396 0.3561708860759493 0.9069620253164556
1 0.4181962025316456 0.8835443037974683 0.4257911392405063 0.8919831223628693
1 0.4193037974683544 0.8945147679324894 0.4265822784810126 0.9052742616033754
1 0.4906645569620253 0.8890295358649789 0.49746835443037973 0.8997890295358649
1 0.34920886075949364 0.9784810126582277 0.3561708860759493 0.9877637130801687
1 0.34525316455696203 0.990717299578059 0.3538383132175449 0.9996666666666667
1 0.41740506329113924 0.9845991561181434 0.42642405063291133 0.9909282700421941
1 0.49303797468354427 0.9848101265822784 0.5003164556962025 0.9936708860759493
1 0.5685126582278481 0.9793248945147679 0.5768987341772152 0.9881856540084388
1 0.5678797468354431 0.889873417721519 0.5768987341772152 0.8978902953586497
1 0.6431962025316456 0.881223628691983 0.6503164556962026 0.8924050632911392
1 0.6482594936708861 0.9833333333333333 0.6552215189873417 0.9968354430379747
1 0.5742088607594936 0.9854430379746835 0.5802215189873418 0.9968354430379747
1 0.718512658227848 0.9919831223628692 0.7264240506329113 0.9993670886075948
1 0.7167721518987341 0.8940928270042194 0.7231012658227848 0.9040084388185654
1 0.7162974683544303 0.8877637130801688 0.7245253164556962 0.8968354430379747
