0 0.2609756097560975 0.6130081300813007 0.7073170731707317 0.9040650406504065
1 0.38051948051948054 0.6764069264069263 0.3878246753246753 0.685064935064935
1 0.45470779220779217 0.645021645021645 0.4612012987012987 0.6545454545454545
1 0.5108766233766233 0.6448051948051948 0.5172077922077922 0.6541125541125541
1 0.4487012987012987 0.7309523809523809 0.45584415584415583 0.7383116883116884
1 0.45324675324675323 0.7359307359307359 0.45876623376623377 0.7452380952380953
1 0.3806818181818182 0.7422077922077922 0.3852272727272727 0.7528138528138527
1 0.3823051948051948 0.7632034632034632 0.3887987012987013 0.7707792207792207
1 0.30324909747292417 0.7434416365824309 0.31046931407942235 0.7512635379061371
1 0.3131768953068592 0.762936221419976 0.32048736462093863 0.7714801444043322
1 0.5116425992779783 0.7288808664259927 0.519404332129964 0.7359807460890493
1 0.5166064981949459 0.7671480144404331 0.5231046931407942 0.7759326113116727
1 0.5882671480144404 0.7323706377858002 0.5963898916967508 0.7385078219013237
1 0.588898916967509 0.7362214199759326 0.5953068592057762 0.744043321299639
1 0.6540613718411553 0.7626955475330927 0.6603790613718412 0.7722021660649819
1 0.6477777777777777 0.6659259259259259 0.6554166666666666 0.6737962962962963
1 0.6508333333333334 0.6857407407407408 0.6575 0.6944444444444445
1 0.5874305555555556 0.649074074074074 0.5944444444444444 0.6578703703703703
1 0.5851388888888889 0.6552777777777777 0.5923611111111111 0.6631481481481482
1 0.31305220883534135 0.8204819277108433 0.3196787148594377 0.824631860776439
1 0.30632530120481927 0.8342704149933066 0.31305220883534135 0.8414993306559571
1 0.31907630522088354 0.8593038821954484 0.3264056224899598 0.869611780455154
1 0.3725903614457831 0.8216867469879516 0.3788152610441767 0.8309236947791164
1 0.3799196787148594 0.8199464524765729 0.3876506024096385 0.8283801874163319
1 0.4432730923694779 0.8196787148594378 0.4505020080321285 0.8293172690763052
1 0.4484939759036144 0.8313253012048193 0.4549196787148594 0.8397590361445783
1 0.5150602409638554 0.8195448460508701 0.5222891566265059 0.8263721552878178
1 0.5126506024096386 0.8314591700133868 0.5209839357429719 0.8404283801874162
1 0.5140983606557377 0.8234972677595627 0.5199180327868852 0.8314754098360656
1 0.5826229508196721 0.8204371584699454 0.5905737704918032 0.8249180327868851
1 0.5897540983606557 0.8348633879781421 0.596639344262295 0.8420765027322403
1 0.646933962264151 0.859811320754717 0.6533490566037736 0.8681761006289309
