0 0.17181408382066274 0.03513340643274853 0.8266630116959064 0.9762883771929824
1 0.4633867276887871 0.0893878718535469 0.4738749046529366 0.09820747520976353
1 0.5701754385964911 0.0874809305873379 0.5800279684719043 0.09582379862700229
1 0.47101449275362317 0.16590389016018306 0.4802313755403 0.1740083905415713
1 0.5774853801169589 0.16161327231121278 0.5873379099923721 0.17067124332570555
1 0.36136536994660556 0.16042143401983217 0.3718535469107551 0.16876430205949655
1 0.6845545235638115 0.09961945304437561 0.6959494324045408 0.10784313725490192
1 0.663484692122463 0.17734133126934984 0.674234606123151 0.18556501547987614
1 0.26908550757234967 0.2397590530814215 0.2809173039436197 0.24907219973009445
1 0.3691286174838806 0.24151625056230316 0.37838319088319083 0.24959935897435898
1 0.45912971993348656 0.23839050501653497 0.46870504269192687 0.2453092595706519
1 0.5702118971576906 0.24739412433827715 0.5797822694725175 0.25457190357439735
1 0.6584490071332176 0.2557475419317524 0.6698958935801042 0.2628265374975901
1 0.7654874365400681 0.24279448621553884 0.776733500417711 0.25032533256217465
1 0.3548889814686232 0.32359220941535893 0.36646144825564353 0.33176526408369206
1 0.4598320755333398 0.3200590512594335 0.47187918586036787 0.32848181907282176
1 0.6591676122312414 0.32431046521777074 0.6702598120508568 0.3333115126123767
1 0.7468141747403334 0.3288109889150737 0.7595429286316951 0.33903945186348955
1 0.26459102800861806 0.4034654893813481 0.27555594028931985 0.4106792474607571
1 0.35875461680517085 0.3951696675900277 0.3701042628501077 0.4031769390581717
1 0.45436095721760544 0.39343836565096946 0.4673457217605417 0.40238342566943675
1 0.4896602800861804 0.38427689289011996 0.49735495537088337 0.39358264081255767
1 0.5491978301015698 0.40707236842105265 0.5617016774392121 0.4156567405355494
1 0.6595202369959988 0.4028883887349954 0.6695233148661126 0.41154489843028624
1 0.7571464296706678 0.4004357109879963 0.7685922591566634 0.40981359649122806
1 0.25458761847146605 0.4615597902802984 0.26677085433891246 0.469436882435975
1 0.3537339517375815 0.4710123008671103 0.36675741076830004 0.4801497277676951
1 0.4562411776567857 0.4754234724742892 0.4688445251058681 0.48361564831619275
1 0.554967399341265 0.47195755192579153 0.5671506352087115 0.48077989514014924
1 0.6524332862808362 0.47983464408146803 0.6646165221482826 0.4873966525509175
1 0.2617295153592794 0.5526189755999193 0.27223230490018147 0.5595508166969148
1 0.35457417490085363 0.5485228876789675 0.36717752234993617 0.5570301472070982
1 0.4554009544935134 0.5516737245412382 0.4663238556160516 0.5573452308933252
1 0.549505948779996 0.5466323855616051 0.560008738320898 0.5548245614035088
1 0.5482456140350878 0.6153206291591047 0.5591685151576259 0.6222524702561001
1 0.4537205081669692 0.617211131276467 0.4663238556160516 0.6244580560596894
1 0.3709585265846609 0.6323351482153661 0.3823015392888351 0.6417876588021778
1 0.26761107750218455 0.6235128050010083 0.2751730859716341 0.6307597297842307
1 0.2739127512267258 0.621937386569873 0.27979431336963095 0.6285541439806412
1 0.6159053790632738 0.646013612296507 0.6223262736420632 0.6545336454875927
1 0.641259680733365 0.6232935237869449 0.649656235182551 0.6310726845266319
1 0.729999736578684 0.6078586810494705 0.7415244191559981 0.6144030543701596
1 0.25541445668434654 0.7061233510131919 0.2661810372183689 0.7130295457636339
1 0.24507287275035133 0.7253544471644227 0.2562644498844009 0.7336418808649531
1 0.35203035042386327 0.7034671222630219 0.36208860329117365 0.7115420576635387
1 0.3656302416247337 0.6930547055623555 0.3745551702253049 0.6996421528627771
1 0.45360453783036403 0.6929484564123487 0.46380445623101685 0.7018733850129198
1 0.5592870257037944 0.6960296817625459 0.5684952853710503 0.7044233646130831
1 0.6646861825105399 0.7129232966136271 0.6760194251779319 0.7201482388140894
1 0.6230365157078743 0.7111170610635115 0.6325281064418151 0.7180232558139535
1 0.7461181689856826 0.7051194797338173 0.7553606237816763 0.7120513208308127
1 0.2803962642925722 0.7980928689883913 0.28985191004044103 0.8053209828052719
1 0.3684065054842745 0.7840457798725669 0.3773166332082278 0.791819411713363
1 0.37531640045387094 0.8031389107096097 0.38331733147129843 0.8118671990922579
1 0.46669260516883604 0.7701966610073571 0.4751422687543231 0.7778603093755895
1 0.6280707625824936 0.7796272810540406 0.6326211277859978 0.7866730078207567
1 0.6428961459874585 0.7713705699992953 0.6539050940604523 0.7796272810540406
1 0.7463132468853292 0.7729733451987457 0.7567307963951748 0.7811837867615901
1 0.25877192982456143 0.8609283625730993 0.26973684210526316 0.8689692982456141
1 0.358187134502924 0.8638523391812866 0.3696393762183236 0.8718932748538011
1 0.4551656920077972 0.858735380116959 0.46686159844054576 0.8671418128654971
1 0.5470806831154912 0.8400608093940028 0.5572738286619603 0.8474872440064304
1 0.6752873563218391 0.8255444646098004 0.6863783020770317 0.8331064730792499
1 0.6558782012502521 0.856359649122807 0.6677253478523896 0.8648669086509377
1 0.7403206291591047 0.8497428917120388 0.7511595079653157 0.8582501512401695
1 0.26968309253525974 0.9057924567853457 0.27828302373581015 0.913250209623323
1 0.3508449432404541 0.9184907926986584 0.3618636050911593 0.9265532281991744
1 0.47446895424836605 0.9167775251547987 0.4857563639490885 0.9274602521929824
1 0.5667838407292741 0.904079189241486 0.575921267629859 0.9119400638544892
1 0.5628869969040249 0.9274602521929824 0.574577528379773 0.9352203463622291
1 0.6526733500417711 0.925281954887218 0.6646825396825397 0.9331140350877192
1 0.7581453634085212 0.9178414786967418 0.7691102756892231 0.9260651629072681
