0 0.2594594594594595 0.5018018018018018 0.7074324324324324 0.909009009009009
1 0.3810756972111553 0.5670650730411686 0.3883466135458167 0.5758300132802124
1 0.45507968127490034 0.5349269588313412 0.4619521912350597 0.544754316069057
1 0.5113545816733067 0.5351925630810093 0.5177290836653387 0.544223107569721
1 0.5119521912350598 0.6192563081009296 0.5200199203187251 0.6257636122177954
1 0.44870517928286846 0.6207171314741036 0.45587649402390434 0.6285524568393094
1 0.45358565737051787 0.6261620185922975 0.45986055776892426 0.6359893758300132
1 0.5169322709163345 0.6583001328021247 0.5241035856573705 0.6674634794156706
1 0.5892430278884462 0.6227091633466135 0.596613545816733 0.6286852589641433
1 0.5890438247011951 0.6258964143426294 0.5956175298804781 0.6339973439575033
1 0.6549800796812748 0.6537848605577689 0.6611553784860558 0.6636122177954846
1 0.6485059760956174 0.5575033200531209 0.6558764940239044 0.5645418326693227
1 0.6515936254980079 0.5770252324037184 0.6582669322709163 0.5857901726427622
1 0.5883466135458167 0.5390438247011952 0.5950199203187251 0.548738379814077
1 0.5860557768924303 0.5452855245683931 0.5939243027888446 0.5541832669322708
1 0.304054054054054 0.6337837837837837 0.311036036036036 0.640990990990991
1 0.38096846846846844 0.6328828828828829 0.3864864864864865 0.6432432432432432
1 0.38299549549549544 0.6528528528528528 0.38952702702702696 0.6621621621621621
1 0.3138513513513513 0.6536036036036036 0.3208333333333333 0.6621621621621621
1 0.31388888888888894 0.7102564102564103 0.3199786324786325 0.714957264957265
1 0.30737179487179495 0.7245014245014245 0.31367521367521367 0.7321937321937323
1 0.3199786324786325 0.7497150997150998 0.326923076923077 0.7595441595441597
1 0.37297008547008553 0.711965811965812 0.37970085470085474 0.7216524216524217
1 0.38012820512820517 0.7102564102564103 0.3876068376068376 0.7190883190883192
1 0.44423076923076926 0.7106837606837607 0.45160256410256416 0.7186609686609687
1 0.4491452991452992 0.71994301994302 0.4553418803418804 0.7303418803418804
1 0.5154347826086956 0.709855072463768 0.5231159420289855 0.7172946859903382
1 0.5145652173913043 0.716231884057971 0.5209420289855072 0.7231884057971013
1 0.5136231884057971 0.7219323671497584 0.5201449275362319 0.7303381642512077
1 0.5831884057971014 0.7110144927536232 0.591231884057971 0.7158454106280193
1 0.5901449275362318 0.7251207729468598 0.5976811594202899 0.7329468599033817
1 0.6477536231884058 0.7508212560386474 0.6540579710144927 0.7596135265700483
1 0.3712239583333334 0.8034722222222224 0.3783854166666667 0.8118055555555557
1 0.37213541666666666 0.828125 0.3783854166666667 0.837326388888889
1 0.4475260416666667 0.8012152777777778 0.4545572916666667 0.8114583333333333
1 0.4423177083333334 0.8055555555555557 0.45026041666666666 0.8137152777777779
1 0.31028645833333335 0.8401041666666667 0.3171875 0.848263888888889
1 0.512109375 0.8006944444444445 0.518359375 0.8085069444444445
1 0.5912760416666667 0.8246527777777778 0.5986979166666667 0.8335069444444445
1 0.5815104166666667 0.8324652777777778 0.588671875 0.8380208333333333
1 0.6473958333333334 0.8116319444444445 0.6545572916666668 0.8203125
1 0.6490885416666667 0.8324652777777778 0.6552083333333334 0.8421875
