0 0.26098484848484843 0.4585858585858586 0.7071969696969698 0.906060606060606
1 0.38107142857142856 0.5233333333333332 0.3883928571428571 0.5319047619047619
1 0.4551785714285714 0.49095238095238086 0.46214285714285713 0.5009523809523809
1 0.51125 0.4914285714285714 0.5175 0.5007142857142857
1 0.58875 0.4957142857142857 0.595 0.5052380952380952
1 0.5864285714285713 0.5026190476190475 0.5930357142857142 0.5107142857142857
1 0.6489285714285713 0.5135714285714286 0.655892857142857 0.5214285714285714
1 0.6510714285714285 0.5333333333333332 0.6583928571428571 0.5423809523809523
1 0.6548214285714286 0.6102380952380951 0.6614285714285714 0.6199999999999999
1 0.5896428571428571 0.5826190476190476 0.5955357142857142 0.5904761904761905
1 0.5894642857142857 0.5792857142857142 0.5967857142857143 0.5854761904761905
1 0.5117857142857142 0.5754761904761905 0.5205357142857142 0.5821428571428571
1 0.5171428571428571 0.6145238095238095 0.5244642857142857 0.6235714285714286
1 0.4487499999999999 0.5771428571428571 0.4557142857142857 0.5842857142857142
1 0.45374999999999993 0.5821428571428571 0.45999999999999996 0.5916666666666666
1 0.3816071428571428 0.5890476190476189 0.38607142857142857 0.5985714285714285
1 0.3832142857142857 0.6095238095238095 0.3896428571428571 0.618095238095238
1 0.30374999999999996 0.59 0.31071428571428567 0.5976190476190476
1 0.3137499999999999 0.6099999999999999 0.3207142857142857 0.6185714285714285
1 0.3131481481481482 0.6660493827160493 0.3201851851851852 0.6708641975308641
1 0.307037037037037 0.6806172839506173 0.3139814814814815 0.688395061728395
1 0.3196296296296296 0.7062962962962962 0.32759259259259255 0.7161728395061727
1 0.3731481481481481 0.6682716049382716 0.3796296296296296 0.6774074074074073
1 0.3803703703703703 0.6658024691358024 0.3882407407407407 0.6745679012345678
1 0.44388888888888883 0.6659259259259259 0.45129629629629625 0.6751851851851851
1 0.4489814814814815 0.6774074074074073 0.4556481481481481 0.6862962962962962
1 0.5159259259259259 0.6660493827160493 0.5237037037037037 0.6737037037037037
1 0.5138888888888888 0.6780246913580247 0.5214814814814814 0.6869135802469135
1 0.5147222222222222 0.6708641975308641 0.5212962962962963 0.6796296296296296
1 0.5832407407407406 0.667037037037037 0.5917592592592592 0.6722222222222222
1 0.5897222222222221 0.6808641975308641 0.5975 0.6897530864197531
1 0.6478703703703703 0.7070370370370369 0.6544444444444445 0.7162962962962962
1 0.3103211009174312 0.7964322120285422 0.31704892966360854 0.8058103975535168
1 0.37117737003058104 0.7600407747196738 0.37821100917431194 0.7678899082568806
1 0.37217125382263 0.7850152905198776 0.37882262996941896 0.7937818552497451
1 0.4426605504587156 0.7613659531090724 0.45022935779816514 0.7705402650356779
1 0.4482415902140673 0.7573904179408766 0.4547400611620795 0.7676860346585117
1 0.5121559633027523 0.7567787971457697 0.5181957186544343 0.7642201834862385
1 0.5818807339449542 0.7887869520897045 0.5886085626911315 0.7936799184505606
1 0.5918960244648318 0.7821610601427115 0.5988532110091743 0.789704383282365
1 0.6476415094339623 0.7679245283018867 0.6547169811320754 0.7764150943396225
1 0.6494496855345911 0.7890985324947589 0.6557389937106918 0.7989517819706498
1 0.3065749235474006 0.8522935779816514 0.31299694189602445 0.8601427115188583
1 0.29977064220183486 0.8803261977573904 0.30496941896024465 0.890112130479103
1 0.3152905198776758 0.8705402650356779 0.32240061162079514 0.8796126401630989
1 0.3781345565749235 0.8607543323139653 0.38562691131498467 0.8697247706422019
1 0.4448012232415902 0.854638124362895 0.4514525993883792 0.8642201834862385
1 0.5087155963302752 0.8573904179408766 0.5159785932721712 0.8629969418960245
1 0.5117737003058104 0.8610601427115189 0.5179663608562691 0.8698267074413862
1 0.5766055045871559 0.8662589194699286 0.5845565749235474 0.8756371049949031
1 0.58348623853211 0.8608562691131498 0.588302752293578 0.8700305810397554
1 0.6504587155963303 0.8608562691131498 0.6577981651376147 0.8683995922528032
1 0.6480886850152905 0.8690112130479103 0.6558868501529052 0.8771661569826708
