0 0.26 0.30333333333333334 0.7075 0.9077777777777778
1 0.3817391304347826 0.37014492753623185 0.3893478260869565 0.3788405797101449
1 0.4560869565217391 0.3376811594202898 0.46282608695652167 0.34695652173913044
1 0.5119565217391304 0.3368115942028985 0.5184782608695652 0.34724637681159415
1 0.5132608695652173 0.42144927536231874 0.5208695652173913 0.42811594202898545
1 0.5180434782608695 0.4617391304347826 0.5249999999999999 0.47072463768115935
1 0.44999999999999996 0.42318840579710143 0.45630434782608686 0.43014492753623185
1 0.45434782608695645 0.42811594202898545 0.46086956521739125 0.4379710144927536
1 0.5889442231075697 0.34236387782204514 0.5957171314741035 0.3513944223107569
1 0.5865537848605576 0.348871181938911 0.5943227091633465 0.35697211155378483
1 0.6493027888446214 0.36122177954847273 0.6565737051792828 0.36826029216467465
1 0.6518924302788843 0.38087649402390433 0.6591633466135457 0.3889774236387782
1 0.6554780876494024 0.4576361221779548 0.6622509960159362 0.4675962815405046
1 0.5900398406374502 0.42563081009296144 0.5976095617529881 0.4322709163346613
1 0.5901394422310757 0.4293492695883134 0.596812749003984 0.43745019920318723
1 0.38207171314741034 0.4362549800796812 0.38695219123505975 0.444754316069057
1 0.3840637450199203 0.45670650730411677 0.3903386454183267 0.4648074369189906
1 0.30456349206349204 0.4371252204585538 0.3113095238095238 0.44365079365079363
1 0.3147486772486772 0.45652557319223985 0.32169312169312164 0.46507936507936504
1 0.3144262295081967 0.5128961748633879 0.3213934426229508 0.5168306010928961
1 0.3074590163934426 0.5275409836065573 0.3144262295081967 0.535191256830601
1 0.32057377049180324 0.5534426229508196 0.32754098360655737 0.5632786885245902
1 0.3742622950819672 0.5139890710382513 0.38040983606557377 0.5238251366120218
1 0.381639344262295 0.5120218579234972 0.3885245901639344 0.5214207650273224
1 0.44499999999999995 0.5123497267759562 0.451967213114754 0.521311475409836
1 0.4499180327868852 0.5231693989071038 0.4560655737704918 0.5322404371584699
1 0.5165573770491804 0.5116939890710382 0.5238524590163933 0.5197814207650272
1 0.514672131147541 0.5245901639344261 0.5218852459016393 0.5331147540983606
1 0.5157377049180327 0.5171584699453551 0.5222131147540984 0.5257923497267759
1 0.5844262295081967 0.5137704918032787 0.5921311475409835 0.5180327868852459
1 0.5913934426229507 0.5276502732240437 0.5982786885245902 0.5357377049180327
1 0.6487704918032787 0.5540983606557377 0.6549999999999999 0.5630601092896175
1 0.31137440758293844 0.6432859399684044 0.3186018957345972 0.6519747235387046
1 0.3718009478672986 0.6063191153238547 0.37950236966824646 0.6148499210110585
1 0.37345971563981045 0.631911532385466 0.3790284360189574 0.6401263823064771
1 0.44845971563981046 0.6036334913112165 0.4553317535545024 0.613744075829384
1 0.44324644549763037 0.607740916271722 0.45130331753554503 0.6170616113744076
1 0.5130331753554502 0.6031595576619274 0.5190758293838862 0.6109004739336493
1 0.583 0.6357777777777778 0.5891666666666666 0.6411111111111111
1 0.5925 0.6284444444444445 0.5996666666666667 0.6362222222222222
1 0.6486666666666666 0.6146666666666667 0.6555 0.6235555555555555
1 0.65 0.6362222222222222 0.6568333333333334 0.6462222222222223
1 0.6516666666666666 0.7077777777777778 0.6586666666666666 0.7148888888888888
1 0.6488333333333334 0.7162222222222222 0.6571666666666667 0.7244444444444444
1 0.5843333333333334 0.7073333333333334 0.5891666666666666 0.7162222222222222
1 0.5781666666666666 0.7133333333333334 0.5848333333333333 0.7224444444444444
1 0.5121666666666667 0.7068888888888888 0.5185 0.7162222222222222
1 0.5088333333333334 0.7037777777777778 0.5165 0.7093333333333334
1 0.6535 0.8006666666666666 0.66 0.8088888888888889
1 0.6525 0.8266666666666667 0.6593333333333333 0.8362222222222222
1 0.58 0.7955555555555555 0.5865 0.802
1 0.5813333333333334 0.7968888888888889 0.5875 0.8048888888888889
1 0.51010101010101 0.7927048260381594 0.5174242424242423 0.8013468013468013
1 0.5157407407407407 0.7967452300785633 0.5223905723905724 0.8066217732884399
1 0.44546703296703294 0.7016483516483516 0.45219780219780215 0.7111721611721611
1 0.37884615384615383 0.7073260073260073 0.38640109890109886 0.7159340659340659
1 0.30769230769230765 0.6985347985347985 0.3138736263736263 0.7067765567765567
1 0.3159340659340659 0.718131868131868 0.3236263736263736 0.7265567765567765
1 0.30096153846153845 0.7267399267399267 0.30563186813186816 0.7358974358974358
1 0.3052197802197802 0.7919413919413919 0.31195054945054945 0.8040293040293041
1 0.3822802197802198 0.8276556776556777 0.3880494505494505 0.8362637362637362
1 0.38763736263736265 0.8256410256410256 0.39244505494505494 0.8349816849816849
1 0.4424590163934426 0.7926775956284152 0.4491803278688524 0.8020765027322404
1 0.44442622950819666 0.8954098360655737 0.4510655737704918 0.9025136612021858
1 0.5104918032786885 0.8896174863387978 0.5177868852459016 0.8957377049180327
1 0.5128688524590164 0.8828415300546447 0.5189344262295081 0.8914754098360655
1 0.5801639344262295 0.880327868852459 0.5862295081967213 0.8891803278688525
1 0.6504098360655737 0.8824043715846994 0.6575409836065573 0.8911475409836065
1 0.30239795918367346 0.8900680272108843 0.30765306122448977 0.8968707482993197
1 0.30785714285714283 0.8908843537414965 0.31295918367346937 0.8975510204081633
1 0.3716836734693877 0.8918367346938775 0.3789285714285714 0.8974149659863946
1 0.3701020408163265 0.8865306122448978 0.3770408163265306 0.8933333333333333
