0 0.26249999999999996 0.10595238095238102 0.70625 0.9119047619047618
1 0.6521028037383176 0.8598130841121495 0.6591121495327102 0.8663551401869158
1 0.6558411214953271 0.8953271028037383 0.661214953271028 0.9043613707165109
1 0.5855140186915887 0.8794392523364486 0.591822429906542 0.8872274143302181
1 0.5864485981308412 0.8894080996884735 0.5932242990654205 0.8981308411214953
1 0.4514018691588785 0.8769470404984424 0.45630841121495325 0.8884735202492211
1 0.4549065420560747 0.8897196261682243 0.4616822429906542 0.8978193146417445
1 0.38738317757009344 0.898442367601246 0.39439252336448594 0.9052959501557631
1 0.37976190476190474 0.8844797178130511 0.38399470899470894 0.8924162257495591
1 0.31097883597883597 0.8793650793650793 0.31825396825396823 0.8887125220458553
1 0.30317460317460315 0.8865961199294532 0.3103174603174603 0.8941798941798942
1 0.31228632478632484 0.791880341880342 0.3174145299145299 0.8015669515669517
1 0.3061965811965812 0.795868945868946 0.3123931623931624 0.8048433048433048
1 0.38162393162393166 0.7750712250712251 0.3881410256410257 0.7843304843304844
1 0.38728632478632485 0.8039886039886041 0.3920940170940171 0.8131054131054131
1 0.44220085470085474 0.7837606837606838 0.44871794871794873 0.7911680911680912
1 0.44561965811965815 0.7864672364672365 0.452457264957265 0.7943019943019943
1 0.5123931623931625 0.7804843304843305 0.5185897435897436 0.7876068376068377
1 0.5151709401709402 0.7943019943019943 0.5211538461538462 0.8029914529914531
1 0.5786324786324787 0.7782051282051282 0.5855769230769231 0.7856125356125356
1 0.5870726495726497 0.7943019943019943 0.5924145299145299 0.8035612535612536
1 0.6604700854700856 0.7938746438746439 0.6666666666666667 0.8009971509971511
1 0.651595744680851 0.6851063829787234 0.6590425531914893 0.6943262411347517
1 0.5813829787234043 0.6831560283687942 0.5878989361702128 0.6914893617021276
1 0.5144946808510638 0.6854609929078014 0.5204787234042554 0.6937943262411347
1 0.5122340425531915 0.6914893617021276 0.5188829787234043 0.6978723404255318
1 0.4449468085106383 0.6976950354609929 0.45252659574468085 0.7051418439716312
1 0.37180851063829784 0.6882978723404255 0.3784574468085106 0.6957446808510639
1 0.37300531914893614 0.6934397163120567 0.38071808510638294 0.7
1 0.3030585106382978 0.6920212765957446 0.3094414893617021 0.6998226950354609
1 0.30877659574468086 0.6930851063829787 0.3151595744680851 0.700531914893617
1 0.30625 0.5971631205673759 0.31196808510638296 0.6058510638297872
1 0.306781914893617 0.5946808510638297 0.31436170212765957 0.6030141843971631
1 0.38337765957446807 0.6303191489361701 0.38869680851063826 0.6386524822695034
1 0.38869680851063826 0.6285460992907801 0.39348404255319147 0.6370567375886524
1 0.44361702127659575 0.5952127659574468 0.45 0.6040780141843971
1 0.5115691489361701 0.5946808510638297 0.5188829787234043 0.6037234042553191
1 0.5171542553191489 0.5996453900709219 0.5235372340425531 0.6092198581560283
1 0.5807180851063829 0.5975177304964538 0.5875 0.6044326241134751
1 0.5821808510638298 0.5994680851063829 0.5886968085106382 0.6072695035460992
1 0.6545212765957447 0.6033687943262411 0.6614361702127659 0.6109929078014184
1 0.6534574468085106 0.6299645390070922 0.6602393617021277 0.6382978723404255
1 0.6497340425531914 0.5187943262411348 0.657845744680851 0.527482269503546
1 0.6523936170212765 0.5102836879432624 0.6599734042553191 0.5175531914893617
1 0.5856382978723405 0.5093971631205674 0.5900265957446807 0.5187943262411348
1 0.5788563829787233 0.5156028368794326 0.5861702127659575 0.5246453900709219
1 0.5131648936170212 0.5093971631205674 0.5202127659574468 0.5180851063829787
1 0.5102393617021276 0.5054964539007092 0.5180851063829787 0.5115248226950354
1 0.44654255319148933 0.5033687943262412 0.45332446808510635 0.5127659574468084
1 0.37992021276595744 0.5099290780141844 0.3871010638297872 0.5180851063829787
1 0.3086436170212766 0.501063829787234 0.31436170212765957 0.5093971631205674
1 0.3167553191489362 0.5203900709219857 0.3246010638297872 0.5287234042553192
1 0.30199468085106385 0.5303191489361702 0.3082446808510638 0.5393617021276595
1 0.31183510638297873 0.4469858156028369 0.3194148936170213 0.4554964539007092
1 0.37300531914893614 0.40939716312056734 0.3803191489361702 0.4171985815602836
1 0.37433510638297873 0.43457446808510636 0.3803191489361702 0.44273049645390067
1 0.44933510638297874 0.40602836879432624 0.4563829787234042 0.4168439716312056
1 0.444281914893617 0.4104609929078014 0.4517287234042553 0.4189716312056737
1 0.5138297872340426 0.40514184397163117 0.5196808510638298 0.41312056737588654
1 0.5839095744680851 0.4384751773049645 0.5900265957446807 0.4439716312056737
1 0.5933510638297872 0.43085106382978716 0.6001329787234042 0.43865248226950354
1 0.6490691489361702 0.41773049645390065 0.65625 0.4267730496453901
1 0.6507978723404254 0.4395390070921985 0.6574468085106382 0.4492907801418439
1 0.6493351063829786 0.35709219858156027 0.6554521276595744 0.36648936170212765
1 0.5847074468085105 0.3159574468085106 0.5924202127659575 0.3210992907801418
1 0.5921542553191489 0.3304964539007092 0.5990691489361702 0.3379432624113475
1 0.5172872340425531 0.31400709219858153 0.5247340425531914 0.3210992907801418
1 0.5170212765957447 0.32092198581560283 0.5231382978723405 0.32783687943262413
1 0.5156914893617021 0.325886524822695 0.5223404255319148 0.33510638297872336
1 0.44534574468085103 0.31453900709219856 0.4526595744680851 0.32216312056737584
1 0.4502659574468085 0.324290780141844 0.4565159574468085 0.33421985815602834
1 0.37513297872340423 0.3164893617021276 0.3815159574468085 0.326241134751773
1 0.38218085106382976 0.31436170212765957 0.3894946808510638 0.3226950354609929
1 0.31502659574468084 0.3141843971631206 0.32340425531914896 0.32003546099290775
1 0.30877659574468086 0.3303191489361702 0.3156914893617021 0.3381205673758865
1 0.32154255319148933 0.3558510638297872 0.3283244680851064 0.36507092198581553
1 0.30492021276595743 0.23936170212765956 0.3123670212765957 0.24645390070921985
1 0.31489361702127655 0.25868794326241135 0.32380319148936165 0.2684397163120567
1 0.38324468085106383 0.23617021276595745 0.38909574468085106 0.2476950354609929
1 0.3841755319148936 0.25975177304964536 0.39109042553191486 0.26790780141843973
1 0.4506648936170212 0.22553191489361699 0.4570478723404255 0.23226950354609927
1 0.4551861702127659 0.23049645390070922 0.4615691489361702 0.24095744680851064
1 0.5188829787234043 0.2650709219858156 0.5253989361702128 0.27411347517730494
1 0.5138297872340426 0.22304964539007094 0.5211436170212765 0.23049645390070922
1 0.5905585106382979 0.2283687943262411 0.5984042553191489 0.23475177304964537
1 0.5906914893617021 0.2324468085106383 0.5969414893617021 0.23953900709219855
1 0.6565159574468085 0.26152482269503546 0.6625 0.2714539007092199
1 0.6507978723404254 0.16489361702127658 0.6571808510638297 0.1721631205673759
1 0.6525265957446807 0.18475177304964538 0.6598404255319149 0.1930851063829787
1 0.5897606382978723 0.14485815602836877 0.5964095744680851 0.15425531914893617
1 0.5873670212765957 0.15124113475177303 0.5946808510638297 0.15992907801418438
1 0.5128989361702128 0.13953900709219857 0.5191489361702127 0.14911347517730497
1 0.45625 0.1398936170212766 0.4632978723404255 0.14964539007092198
1 0.38257978723404257 0.17358156028368793 0.39002659574468085 0.18209219858156026
