0 0.00028011204481792715 0.0015884221673138016 0.9994397759103641 0.9984842969865969
1 0.07957537369302074 0.044302509357221645 0.09404362345538815 0.05416058487008007
1 0.10632481220716514 0.05278257431451921 0.12012012012012012 0.06253464901541142
1 0.24276377217553688 0.05691660598120178 0.2574002574002574 0.06794069042568862
1 0.3992227521639286 0.050344555639296164 0.4162145338615927 0.06052063358805324
1 0.5570276158511452 0.05405458405811384 0.570486452839394 0.06454866444276959
1 0.6976677195700975 0.048006899434977296 0.7103820251504858 0.05802059316114784
1 0.7115739912986471 0.046004160689743195 0.7262749071259709 0.05701922378853078
1 0.702038262113356 0.14614109795144858 0.7155472117925185 0.1549030799618478
1 0.5586050022846017 0.14313698983359743 0.5748952063094742 0.15340102590292223
1 0.392127063591394 0.1473928096672199 0.40762262351749207 0.1576568457365447
1 0.8572485598012789 0.04628402453562794 0.8720469319803393 0.05710660743661296
1 0.8627979493684266 0.056440602335013884 0.8786533481317055 0.06443266355420282
1 0.8453570107288199 0.15101332676208298 0.8604196395539347 0.16166940838766822
1 0.08140399016749557 0.156454180683922 0.09672440404733322 0.16437828219886613
1 0.25770308123249297 0.1457926622819972 0.27302349511233065 0.15602195696492507
1 0.10266989678754387 0.24947291096249793 0.11806344159285338 0.25933098647535635
1 0.251305927776516 0.24629288660351134 0.2674565321624145 0.2545609499368765
1 0.4024654907007848 0.2524939341035352 0.4145784439902087 0.2642600242317856
1 0.5644969852347719 0.24707891855671948 0.573992308787922 0.2581470202875313
1 0.7178464606181456 0.23989960932592264 0.7363623415467883 0.24917288374903523
1 0.8711959360015192 0.23989960932592264 0.8844893889759294 0.2506685731721179
1 0.0761904761904762 0.3442287327920932 0.0923249299719888 0.3555241793152136
1 0.23798319327731093 0.3439463466290152 0.25322128851540615 0.3543946346629015
1 0.4002240896358543 0.34281680197670317 0.41680672268907565 0.3532650900105895
1 0.5705322128851541 0.34338157430285915 0.584873949579832 0.35411224849982353
1 0.7027450980392157 0.33716907871514296 0.7206722689075631 0.3484645252382633
1 0.8793277310924369 0.338298623367455 0.8950140056022409 0.34874691140134134
1 0.09553518377047794 0.44705259442287326 0.1142093200916731 0.4582838622725669
1 0.24323062558356684 0.4454481275872028 0.2619047619047619 0.45560975087978267
1 0.40790255496137856 0.44277401619441864 0.42487904252610137 0.4529356394869985
1 0.5563368204424626 0.440281089491921 0.5718858972160292 0.44935778759085704
1 0.5663979877665352 0.4356707031559535 0.581261075858915 0.4461881469848794
1 0.7145715429028754 0.4345181065719617 0.7310352712513576 0.4444592521088916
1 0.8606871319956554 0.4385521946159332 0.8762362087692219 0.4479170418608672
1 0.0969731176052511 0.5363229739056219 0.10951544797023291 0.546684157749902
1 0.23540729423082363 0.536842718275828 0.24861122900338586 0.5471826156612601
1 0.4091333503098209 0.5407647483185781 0.42516669967650356 0.5502726999373664
1 0.5692782163370398 0.5393385555757599 0.5853115657037226 0.5477768626374344
1 0.5709758650935122 0.5483711096136087 0.5860660762621546 0.5552643745372301
1 0.7043356062963905 0.536010772509184 0.7199917003838572 0.544092531385154
1 0.8784624961095548 0.5396615288073108 0.8944911297852474 0.5446621171118171
1 0.8747276688453159 0.6354571126014826 0.8924680983504513 0.6461446444679766
1 0.7113289760348583 0.6286916107777386 0.7254901960784313 0.6378103306271327
1 0.5546218487394958 0.6365356708632388 0.5701836290071584 0.6461446444679766
1 0.4151882975412387 0.6403596501549202 0.4318394024276377 0.6504588775150019
1 0.2542794895736072 0.6445758324508766 0.2661064425770308 0.6549692120641645
1 0.25925925925925924 0.6475173549829392 0.27170868347338933 0.6571263285876769
1 0.09975101151571739 0.6397713456485077 0.11671335200746964 0.6497725222575206
1 0.09937308256635988 0.7399441951153917 0.11604641856742696 0.7504496327299008
1 0.2574363078564759 0.7462474576840972 0.2754435107376284 0.7580135478123476
1 0.40216086434573833 0.743726152656615 0.41683340002667735 0.7525507202528028
1 0.39882619714552486 0.7319600625283645 0.4161664665866347 0.7420452826382934
1 0.5628918233960251 0.7344813675558469 0.5742296918767507 0.7445665876657758
1 0.7295004332668318 0.7280420633489678 0.7444128730628942 0.738199838999256
1 0.8774157144872338 0.7346446175216551 0.8911190375430746 0.744548448780686
1 0.8677427805654635 0.73693011704297 0.8806400257944904 0.7465800039107436
1 0.8786248312274548 0.8311434861993922 0.8891038429760393 0.8425709838059663
1 0.7230518106523184 0.8331750413294498 0.7407855228422303 0.8428249281972234
1 0.5707031013844387 0.8288579866780772 0.5900489692279789 0.8385078735458509
1 0.5759426072587308 0.8367302628070505 0.5868246579207221 0.8456183165010527
1 0.4248030147310723 0.8306355974168776 0.4352820264796566 0.8407933730671658
1 0.4123088084154525 0.8372381515895649 0.428027326038329 0.8473959272398531
1 0.2583479434939443 0.82860404228682 0.2716482276363783 0.8377460403720794
1 0.26157225480120105 0.8440946501535095 0.2764846945972633 0.8545063701950547
1 0.09592326139088728 0.8392697067196226 0.1140600124942063 0.8484117048048818
1 0.1027749229188078 0.8466340940660814 0.11809040162827719 0.8545063701950547
1 0.11390338125771636 0.9331147963323256 0.1300994331381842 0.9424830576666672
1 0.11921356220213204 0.9361260231897925 0.13487859598815832 0.9456615749051045
1 0.2445338324903421 0.9307727309987402 0.25993335722914757 0.9379662173804667
1 0.4115390231922153 0.9316091829035922 0.4282660931671247 0.9431522191905487
1 0.5551794177386594 0.9391372500472596 0.5695169062885818 0.9483382210006306
1 0.7245741898655197 0.9252521484267175 0.7436908412654162 0.935456861665911
1 0.8822865639146655 0.9237465349979841 0.8960930343701462 0.9344531193800888
1 0.8870657267646396 0.9195642754737244 0.9019342334090035 0.9284306656651549
