0 0.12004043685629359 0.15323196682550652 0.15632992327365725 0.18415117674875414
0 0.165834312573443 0.10367029209559493 0.2016917812953618 0.13322541922811101
0 0.5088563627566184 0.11958459132079591 0.5403936545240893 0.1600523807791641
0 0.8501815368962419 0.11145074280936332 0.8773598054314725 0.14372288498281874
0 0.8404252353707744 0.15325783607952148 0.8686488219265909 0.1891972671363241
0 0.4660186360953625 0.4781221470319721 0.5026827392556293 0.5195343014993082
0 0.7709566648185574 0.4988282242656402 0.8004667966304795 0.5402403787329764
0 0.7915243324450487 0.4922399269640185 0.8290826820238586 0.5204754868281113
0 0.18214422200664374 0.460938104299129 0.20198724167328103 0.4856901966244334
0 0.1686293246395548 0.7905284486711135 0.20305781175346393 0.820108559004925
0 0.5065905961046626 0.7853519293626965 0.5382085944745791 0.8112345259047815
0 0.8649279109637166 0.7690828686791001 0.9007616424496219 0.8090160176297456
0 0.8171496023158427 0.7735198852291719 0.8459571119417667 0.8127135314214722
