0 0.1464033539276258 0.07524271844660199 0.17177846425419246 0.11385701676963818
0 0.16846866725507506 0.1006178287731686 0.2048764342453663 0.13481906443071495
0 0.4961385701676963 0.07744924977934692 0.5336496028243601 0.1127537511032657
0 0.507171226831421 0.0631067961165049 0.5490953221535745 0.089585172109444
0 0.8271182700794351 0.047661076787290424 0.8679390997352162 0.08627537511032661
0 0.1607458075904678 0.41173874669020305 0.2015666372462489 0.4481465136804943
0 0.48069285083848196 0.4194616063548103 0.5148940864960282 0.4558693733451016
0 0.5060679611650486 0.40291262135922334 0.5446822594880847 0.4382171226831421
0 0.8392541924095321 0.40070609002647845 0.8767652250661958 0.4360105913503972
0 0.17030520838920776 0.7294963256986536 0.2018183768706753 0.7610094941801212
0 0.5001877380249959 0.7415651987341092 0.5290189347208067 0.7683849165906774
0 0.5062221745427238 0.7710668883763343 0.5390763289170197 0.7952046344472455
0 0.8233653381966421 0.786488226143861 0.8595719573030091 0.8112964651611865
