0 0.13783020049004702 0.17704051673517324 0.1789655357430293 0.20995925194398476
0 0.47138411460662105 0.1957241232050392 0.5044712320927155 0.22419438068293032
0 0.48122082521059506 0.2286428584138508 0.5116252034410602 0.2580028114379259
0 0.8183517250013413 0.23576042278332357 0.8541215817430653 0.2731276357230556
0 0.1262049970489868 0.5702859481485436 0.16465759304633984 0.6076531610882756
0 0.46691288251390556 0.5702859481485436 0.5026827392556293 0.6058737699959075
0 0.49642301432582764 0.5498229505863094 0.528615885393379 0.5898592501645937
0 0.8165632321642552 0.5596096015943345 0.8576985674172376 0.601425292264987
0 0.13514746123441773 0.9288332532607343 0.1718115643946846 0.9653107706542822
0 0.4731726074437072 0.898583604690475 0.5107309570225171 0.9386199042687593
0 0.46065315758410397 0.9243847755298138 0.49821150716291385 0.9528550330077048
0 0.8085150143973674 0.8781206071282407 0.8451791175576342 0.9154878200679729
0 0.842496378302005 0.9012526913290273 0.8666410316026685 0.9368405131763912
