0 0.1760697232395346 0.09877244828370087 0.21431551620230868 0.12832461923164357
0 0.48203606694172735 0.14764719254375996 0.5098511890964721 0.17833598545123897
0 0.47276435955681245 0.23971357126619688 0.5110101525195865 0.2715389861332121
0 0.8229429195094431 0.23938673147525727 0.8582689205006802 0.27403174931485597
0 0.8450875768472336 0.24869434820828376 0.8788318166000569 0.28902735405139873
0 0.22062879205736347 0.43361199901647407 0.25422453993882566 0.46803540693385787
0 0.15343729629443914 0.5368822227686255 0.18753447324875896 0.5713056306860094
0 0.4773604773604773 0.5821244160314728 0.5094519380233665 0.6278583722645684
0 0.51296194153337 0.5963855421686747 0.5495662638519782 0.6308089500860585
0 0.5259990974276688 0.7999754118514876 0.5560848417991274 0.8304647160068847
0 0.18151732437446724 0.8009589377919842 0.2191245048387905 0.8334152938283746
0 0.12886727172441456 0.888984509466437 0.16396730682444965 0.9125891320383576
0 0.8674722960437246 0.9116056060978608 0.9015694729980444 0.9519301696582247
0 0.8459108459108459 0.9416031472830095 0.876498019355162 0.9666830587656748
