0 0.15305711987127915 0.2009838949046337 0.19104764458746762 0.2350629362941791
0 0.48156342182890854 0.2273676688836366 0.5184365781710915 0.2647446820205574
0 0.8167739340305712 0.19768592315725833 0.8525297219987484 0.2372615841257627
0 0.8022481451684991 0.2284669927994284 0.8402386698846875 0.25155279503105593
0 0.12288817377312955 0.48460946517891496 0.15529185661929024 0.5175891826526686
0 0.11283185840707964 0.5813499697685923 0.15305711987127915 0.6121310394107623
0 0.4979227761485826 0.5900621118012422 0.5330522971652004 0.6311360448807855
0 0.4734848484848485 0.5800440793428171 0.5116691104594331 0.6156080945702264
0 0.5040322580645161 0.9041274293728713 0.5376344086021505 0.9452013624524144
0 0.4760304659498208 0.9522139851733119 0.5131964809384164 0.9862752955319576
0 0.12015314434669273 0.9341815267481467 0.15324617139133268 0.9782608695652174
0 0.15731915933528837 0.9487076738128633 0.194485174323884 0.9837707874173514
0 0.8228654061987396 0.6051122790253225 0.8530821030821031 0.6390879651749216
0 0.8304195804195805 0.9034612730264904 0.8649529482862817 0.937967829272177
0 0.8341966675300009 0.9342517385995647 0.8622550289216956 0.9592026331156766
0 0.8412112578779246 0.9554865424430641 0.8768237934904601 0.9899930986887508
