0 0.14499617046404623 0.18538445529888478 0.1713059594595385 0.22027372776574
0 0.5127485544232602 0.1572282003256332 0.5484129350615942 0.18538445529888478
0 0.4764995118072487 0.2074197852779512 0.5080712586018393 0.22884302275759916
0 0.19001514274522185 0.498775815001163 0.2233408754728454 0.525095792476159
0 0.1730599453925713 0.5318288099697627 0.19176912867825466 0.5734510999302215
0 0.77717324354289 0.20865021611861906 0.8044239462750529 0.22545509969594887
0 0.8290615679233098 0.4915975582113351 0.8634049193117891 0.5271613815959169
0 0.8290615679233098 0.5338051727776518 0.8600452436324812 0.5615527712425453
0 0.1254490505787763 0.899263005937198 0.16018081251587551 0.9250415169704008
0 0.13296562592337238 0.8797256081015076 0.16951173363330516 0.9049614136392744
0 0.49013255091831814 0.8596455047703812 0.5176069297640832 0.8900370125147886
0 0.4758769769889117 0.9087603521073253 0.5095719699129632 0.9356242741313997
0 0.8436707843675968 0.8471632783753567 0.8706267787068379 0.8821677828309689
0 0.8019408315924254 0.8995343586849159 0.8361542090230006 0.9277550444475801
