0 0.12425432853193655 0.1665016055940698 0.15553615597264656 0.19726298730530292
0 0.16353848392259562 0.18675910086732087 0.18609049905427028 0.22277242579754508
0 0.5309180852611669 0.10948050778788149 0.5621999127018769 0.14324299990996667
0 0.4945438673068529 0.16350049518321777 0.5178233667976139 0.19576243209987693
0 0.5294631165429944 0.46586236907655826 0.552015131674669 0.49512319558236545
0 0.13371162520005817 0.5018756940067824 0.16572093699985446 0.5326370757180156
0 0.16353848392259562 0.5108790252393385 0.18609049905427028 0.5468923501695626
0 0.4901789611523352 0.5498934605804148 0.5250982103884767 0.5799045646889348
0 0.8597410155681652 0.14324299990996667 0.8895678742907027 0.1680021607994958
0 0.8393714535137493 0.17700549203205185 0.8604684999272515 0.21526964977041502
0 0.7913574858140549 0.5341376309234416 0.8277317037683689 0.5581465142102577
0 0.8028638897278892 0.5145472154415137 0.8360883055547927 0.5397506838918685
0 0.11137522194856518 0.8969613553394846 0.1394409760009164 0.9262018123176162
0 0.13829543501918778 0.8957799227343075 0.16951142677129272 0.9223621563507909
0 0.4647746148118449 0.8777630755053577 0.5017183114725929 0.9072988906347836
0 0.44959619680394064 0.9072988906347836 0.48482158199209574 0.9371300639155038
0 0.8133054585027779 0.8588601538225251 0.8496763846726616 0.887214536346774
