0 0.06255943145988689 0.15326518156850777 0.0988439017066213 0.1914098260604211
0 0.10572543916720886 0.18149221849252364 0.13450277763875684 0.22955447055233444
0 0.4873379710725189 0.14945071711931646 0.5129873379710725 0.1914098260604211
0 0.5280016015214454 0.07621299969484283 0.5649116660827788 0.1181721086359475
0 0.5236224413192533 0.5553097345132744 0.5530253741054001 0.597268843454379
0 0.4817076222411291 0.6720323466585291 0.5223712526900556 0.7139914555996338
0 0.07444572343726541 0.6033719865730852 0.10947900505480206 0.6483826670735429
0 0.10635103348180773 0.620155630149527 0.13450277763875684 0.6666920964296613
0 0.903211175616836 0.11946902654867257 0.9404027576197388 0.15376106194690264
0 0.8814404934687954 0.16371681415929204 0.9050253991291727 0.22013274336283187
0 0.827890029559495 0.6505119770189501 0.8677839497260618 0.6843348932029837
0 0.8408080608515262 0.625028957976185 0.8788022705339705 0.6565352360654219
