0 0.13007013381615365 0.24444712699179139 0.15920584379097208 0.28569129245131175
0 0.16440864914361822 0.25903347819089 0.199787725541612 0.2927329792370835
0 0.4750161286965932 0.2565185900531144 0.5093546440240577 0.2887091582166425
0 0.5015504359950885 0.20772976018026715 0.5317267070404361 0.24495010461934652
0 0.8154621055442728 0.20444065517075746 0.8489997702048903 0.23596234209135883
0 0.8207411823889996 0.2311590374177434 0.8539683131175743 0.25397473461741676
0 0.8247781235055553 0.25577597387002254 0.8639053989429424 0.286397041164321
0 0.8362678789911372 0.43169700754118834 0.869495009719712 0.4638191075459916
0 0.8139094358840591 0.6118209328017675 0.8570736524380018 0.6439430328065708
0 0.81515157161223 0.9330419328498006 0.8496208380689758 0.9660646524809068
0 0.5331867613174092 0.9288390412603871 0.5682770956382404 0.9705677506124213
0 0.163030314322446 0.8009510543253758 0.199673318303491 0.8360752197511888
0 0.1738990019439424 0.46411931408809254 0.20836826840068812 0.49654162063499685
0 0.5225279927910423 0.572033321536493 0.5557919821465658 0.612698391092478
0 0.5007039997747201 0.6024895870198459 0.5334399892992036 0.6332861459722865
0 0.1664149107760055 0.5478186258332782 0.18689674594843697 0.5845323741007193
