0 0.16487195839874413 0.19946462339448415 0.19675971350078494 0.2338466072349517
0 0.47884370094191525 0.22340921928338123 0.51257113422292 0.26024705911245366
0 0.7977212519623235 0.1687664235369238 0.8320619113029828 0.20806011935460103
0 0.7854567307692307 0.2209533632947764 0.8228635204081632 0.24551192318082468
0 0.8142783555729984 0.5997691495370712 0.8455528846153846 0.6292394214003291
0 0.47455111852433285 0.5788943736339301 0.51257113422292 0.6114344654829441
0 0.4996933869701727 0.5881038335911982 0.5315811420722135 0.6267835654117243
0 0.5090497737556561 0.9054647129609967 0.5415723981900452 0.9414242231188504
0 0.4830316742081448 0.955298364833298 0.5175339366515836 0.9898421462447796
0 0.8283371040723981 0.9009343809726057 0.8639705882352942 0.9349118708855384
0 0.8345588235294118 0.9278332271536773 0.8682126696832579 0.9541657818362003
0 0.8385180995475113 0.9530331988391024 0.8775452488687783 0.9858781057549373
0 0.13263574660633484 0.9434062433637715 0.16402714932126697 0.9872938345013096
0 0.16911764705882354 0.9567140935796701 0.20475113122171945 0.992673603737524
0 0.1403750952018278 0.4865365597931635 0.1679836252856054 0.5170378048635189
0 0.1308549124143183 0.5892399709285009 0.1653655750190403 0.6202177979530804
