0 0.13764084017248568 0.1373398857870908 0.17473454815226966 0.1701021545742043
0 0.4538647007001437 0.12869428707938027 0.490031065980433 0.16555183946488297
0 0.44690963045393417 0.23517166063749917 0.4789029535864978 0.26884399244647694
0 0.12326702833031941 0.44903647077560127 0.16360643575833447 0.48498396013923967
0 0.5095052626698195 0.5295770482105886 0.5424259285018778 0.5650695060632949
0 0.7659778410532547 0.1671070287318956 0.799808294099405 0.21690713663212938
0 0.8277184178624792 0.4451576311748675 0.8646499957711934 0.48278437936615526
0 0.7933241239322263 0.8474318361023115 0.8240534521158129 0.8905919296158474
0 0.17112570832511065 0.8322151364661289 0.20552000225536354 0.8742685609152153
0 0.24165211697948494 0.8026343970871708 0.2572020951549542 0.8339580209895052
