0 0.156445870731585 0.19776840625549116 0.19004161861304716 0.22839320229936996
0 0.4457704457704457 0.12296357657454127 0.47234618663190087 0.16413133519090295
0 0.48939477510906076 0.5070286417149885 0.527001955573384 0.5431759419635013
0 0.14641728927443212 0.5005020458367848 0.18502732788447074 0.5256043376760298
0 0.1404001404001404 0.8388809398298065 0.1744973173544602 0.8715139192208249
0 0.4883919169633455 0.8589627733012023 0.522990522990523 0.8941059818761452
0 0.82585368299654 0.9066571277957677 0.8649651506794364 0.9372819238396466
0 0.8093065235922378 0.5010040916735697 0.8429022714737 0.5326329793910184
0 0.7852379280950709 0.18371112282551402 0.804793661936519 0.21885433140045688
0 0.8007822293536578 0.17467429776338583 0.827357970215113 0.2113236438486834
