0 0.16532258064516128 0.11851412910632939 0.20378411910669975 0.1561670555411528
0 0.2679900744416873 0.4126390380603187 0.29280397022332505 0.4487488117724035
0 0.1476426799007444 0.4539955310297149 0.18734491315136473 0.4901053047417997
0 0.47447447447447444 0.5143202904396934 0.5101351351351352 0.5490565192057729
0 0.4932432432432432 0.8097649888694664 0.5296546546546547 0.8452482333079347
0 0.15503003003003002 0.8228377631362707 0.19256756756756757 0.8579474997385445
0 0.8258258258258258 0.8415131549459908 0.8671171171171171 0.8758758758758759
0 0.8216966966966968 0.6140468827035991 0.8566066066066065 0.6375778763838464
0 0.8483483483483484 0.49228332810422365 0.881006006006006 0.5303811273960528
0 0.84496996996997 0.13931842290051244 0.8855105105105104 0.177789730028536
