0 0.1658925459996621 0.09725700747276537 0.2052289707725321 0.13223373645928274
0 0.1525282478396486 0.44523716519994183 0.19009957662912055 0.481745721733314
0 0.15454550039210346 0.7970468917942551 0.1923689857506323 0.8343213621010547
0 0.49268745949735115 0.8093015121690934 0.5297544751487094 0.8391721493327614
0 0.8091439536637088 0.7911748861979785 0.844445873331669 0.8248750922287835
0 0.4998297537545082 0.4638521553152393 0.5355318790226874 0.4993305954688007
0 0.8320578638889532 0.44611293523845863 0.8677599891571324 0.48560780257921565
0 0.8132150755529697 0.15257904830757799 0.8492477760551135 0.1870533816643405
0 0.609250156196798 0.05250307089328688 0.6330515730422509 0.08798151104684827
0 0.4909042224374634 0.090993831437245 0.5309038257471826 0.12914988971560348
