0 0.396597775069367 0.15444345068704768 0.41280502035630007 0.18628885817275118
0 0.4465160905531208 0.11717754831016067 0.4802271607499416 0.15512101254844562
0 0.8050203563000804 0.12327560506274218 0.840028006119856 0.16325175488522098
0 0.5651531260534709 0.386847169146543 0.5923812981355184 0.4078515868498794
0 0.7855716619557608 0.4945795051088164 0.8251173404558775 0.5345556549312952
0 0.11459170707673158 0.4471501748109602 0.14830277727355237 0.48238339160365334
0 0.4918963773565334 0.5277800363173157 0.5314420558566502 0.5664010624169986
0 0.1807172678474185 0.7608613166382091 0.21378004823276198 0.7940618478467084
0 0.17099292067525868 0.8706263381846763 0.20794543992946607 0.9065371168387674
0 0.48606176905323756 0.8624955958479009 0.5217177086844903 0.898406374501992
0 0.844825983202653 0.820020730087779 0.8826355099637402 0.8621287208888025
