0 0.14455614692161114 0.18524579214533796 0.17905250016426832 0.21808486953424167
0 0.4358586854151608 0.10787915219520886 0.4637843047068357 0.14962374209635765
0 0.13962809645837437 0.49749532460593104 0.17631469435135902 0.521985484014605
0 0.48294894539720085 0.5002782972660077 0.5190879821276035 0.5364569418470033
0 0.13634272948288323 0.844810312583489 0.17083908272554044 0.8765362009083622
0 0.48459162888494645 0.8592817704158874 0.5196355432901855 0.8943472259328523
0 0.7967014915566069 0.1540764983524802 0.8196990603850448 0.1869155757413839
0 0.7791795343539872 0.1635386053967406 0.799439297369516 0.19749087184967495
0 0.8054624701579166 0.4930425683498085 0.8383161399128282 0.5208722949505744
0 0.8207941827102087 0.9015829548490515 0.8580283417657751 0.9321956541098939
