0 0.12864467958304754 0.2114153726275951 0.16181646444996683 0.23813101797740308
0 0.138764885135667 0.23256525852952642 0.16912550179352534 0.2626203595480604
0 0.4800407057156672 0.2375744420326154 0.5126502569407743 0.2743084543886014
0 0.12302234316492563 0.5759726164635164 0.16069199716634244 0.6110369009851394
0 0.1522584925391596 0.5559358824511604 0.18486804376426672 0.5898870150832081
0 0.4772295375066063 0.571520008905215 0.5120880232989621 0.6026882618133244
0 0.4806029393574794 0.5631713697334001 0.5154614251498353 0.5910001669727835
0 0.8471792738190281 0.43515890243223687 0.8814755259695718 0.4696666110090722
0 0.8488659747444647 0.5453609395001948 0.8859733951040694 0.5776423442978794
0 0.838474346054419 0.2277163305139883 0.8740743986329581 0.26078941661244853
0 0.8271307790049849 0.867803580067731 0.866838529957971 0.9022738268021286
0 0.8405703254813801 0.9052975326560232 0.8766127455771674 0.9361393323657474
0 0.4657072781537189 0.8786748573935936 0.5020537218167312 0.9155331285651602
0 0.49850772731302273 0.9011993564428843 0.5242161874649095 0.9383501535761298
0 0.13179279572116664 0.9050021939447126 0.16488874442244614 0.9392277314611672
0 0.11554032091250259 0.9304519526107943 0.15277326320144205 0.9553166593535176
