0 0.1696305210143959 0.1367180577706894 0.20305744974818382 0.1776980329611909
0 0.4626732629139368 0.14779372674109523 0.49164326781655293 0.17548289916710974
0 0.4782724963230378 0.16772993088782567 0.5139278869724117 0.18877370193159673
0 0.7835717787583009 0.1422558922558923 0.8158844765342961 0.18102073365231264
0 0.8069706288719526 0.16329966329966336 0.8392833266479475 0.19320396951975904
0 0.13397513036502204 0.48670919723551304 0.17074475197218883 0.5221513379408116
0 0.4727013415340732 0.5066454013822436 0.5072425012256541 0.5465178096757044
0 0.7646298524758212 0.49224703172071593 0.8013994740829877 0.5287967393230552
0 0.8259125551544323 0.46345029239766083 0.8559967910148415 0.5
0 0.15625974952088068 0.820086833244728 0.18745821633908274 0.8522062732589049
0 0.4437313366314569 0.8090111642743222 0.4782724963230378 0.8444533049796209
0 0.8225698622810534 0.8400230373914586 0.8571110219726343 0.8710349105085947
