0 0.1419753086419753 0.1622222222222222 0.17676767676767677 0.19666666666666668
0 0.5095398428731762 0.11666666666666665 0.5432098765432098 0.155
0 0.5022446689113356 0.165 0.531986531986532 0.195
0 0.12177328843995511 0.49722222222222223 0.1554433221099888 0.5361111111111111
0 0.4685746352413019 0.48055555555555557 0.5061728395061729 0.5166666666666666
0 0.11728395061728394 0.8138888888888889 0.1520763187429854 0.8527777777777777
0 0.49382716049382713 0.8283333333333333 0.5297418630751964 0.8616666666666667
0 0.7946127946127947 0.8177777777777777 0.8310886644219977 0.8527777777777777
0 0.8277216610549943 0.5016666666666666 0.861391694725028 0.54
0 0.8125701459034792 0.12555555555555556 0.8468013468013468 0.155
0 0.8288439955106622 0.1461111111111111 0.8714927048260381 0.17055555555555557
