0 0.1258400367989409 0.11659076050219963 0.16622911828391282 0.15205057455979967
0 0.49158560802396417 0.13875314428819965 0.5095363109061739 0.1764291967243997
0 0.8461119899476064 0.15205057455979967 0.8685503685503685 0.1919428653745997
0 0.16735103721405095 0.45567523242799995 0.20661819976888474 0.49335128486420005
0 0.4669033915609258 0.47340513945679996 0.5050486351856215 0.511081191893
0 0.8405023952969158 0.46897266269960003 0.8808914767818876 0.5044324767572
0 0.14940033433184122 0.7925434659752003 0.18754557795653687 0.8313276376007003
0 0.5039267162554835 0.8147058497612004 0.5353404462993505 0.8446250678723003
0 0.47812258086230686 0.7947597043538003 0.5162678244870026 0.8346519951686003
0 0.8304051249256729 0.8158139689505003 0.8663065306900922 0.8501656638188004
