0 0.2055460263007433 0.16629711751662976 0.23870783304745574 0.19844789356984482
0 0.5062893081761007 0.1707317073170732 0.5417381360777588 0.20509977827051
0 0.87221269296741 0.12860310421286036 0.9065180102915953 0.16851441241685147
0 0.8619210977701544 0.17960088691796014 0.8962264150943396 0.2084257206208426
0 0.13192081657902877 0.4722610955617753 0.16646045984122076 0.5102459016393442
0 0.16542942571399114 0.4777588964414234 0.19636044953087947 0.5077469012395042
0 0.4845344880915558 0.499250299880048 0.5180430972265182 0.5352359056377449
0 0.1566656356325394 0.8191223510595762 0.18501907413135377 0.8466113554578168
0 0.47473966388287453 0.807626949220312 0.5108258583359109 0.8451119552179129
0 0.850036086194453 0.8251199520191924 0.8830291782658006 0.8591063574570172
0 0.8288998865862461 0.4857556977209116 0.8675636663573566 0.5207417033186725
