0 0.16979792241519234 0.17143735009019365 0.20276740788832984 0.20810950106051895
0 0.5492006167829897 0.1570658314666878 0.578619542282097 0.19126013439847758
0 0.15559568251907158 0.46630126667591726 0.1911012822593735 0.5004955696077071
0 0.13936455120921928 0.5004955696077071 0.17842071092355136 0.5292386068547188
0 0.4771749715955202 0.4618411402065533 0.5126805713358221 0.49702658235375735
0 0.5116661256289563 0.4643189882450889 0.5390561597143321 0.4990088607845858
0 0.1840001623113131 0.8245980930481496 0.21950576205161498 0.8587923959799394
0 0.5035505599740301 0.8022974607013301 0.5329694854731375 0.8315360675560488
0 0.845925986041227 0.1620215275437588 0.8758521343937673 0.19472912165242726
0 0.8236081804901803 0.48661962059190833 0.8540415516961533 0.5242829107776478
0 0.8149853919818212 0.791890498939481 0.8494765460152573 0.8290582195175134
