0 0.2024119382266181 0.16606852277033504 0.2348024755624964 0.2011769688593656
0 0.5147492625368731 0.17108401506876797 0.5488750072300306 0.2045206303916542
0 0.12664121695875993 0.4859454760259468 0.1636589739140494 0.5227257528811217
0 0.16018855919949102 0.4887318606361873 0.19315749898779572 0.5238403067252179
0 0.49276996934466993 0.5115802144401596 0.5240037017756954 0.5478032143732863
0 0.15266932731794783 0.8398163215264929 0.18448146220139974 0.8693519983950424
0 0.481201920296142 0.8286707830855307 0.5193764821562843 0.8671228907068499
0 0.8952057013281504 0.12814769664612877 0.9268374016273175 0.1663349758759207
0 0.8841536614645858 0.17808490794662593 0.9188342003468054 0.2070925527461794
0 0.8502353322281293 0.4957002592328763 0.8894891289849273 0.5320516115766205
0 0.8738638312467844 0.8456279237135661 0.9093065797747671 0.879041793039634
