0 0.15948892250937807 0.10693184655071981 0.19472135292532797 0.1460431056003994
0 0.4641458208120039 0.12898393941915617 0.4968912561397691 0.166014812349172
0 0.13876396344117223 0.45810102354997084 0.17192389795030155 0.49346758758425563
0 0.47409380116474265 0.46226179578929844 0.507253735673872 0.4976283598235832
0 0.4952332594143126 0.4784888075226762 0.5292221922861703 0.5092785220937005
0 0.8458307503819514 0.12737392940438622 0.8804870429396346 0.16020226172510432
0 0.8302110128911646 0.4850557591674343 0.8643791886522607 0.5154342159418301
0 0.8287466625014034 0.8358779374007801 0.8648673054488478 0.8687062697214981
0 0.46754023302695874 0.8329380867451934 0.502684642381229 0.8652764439566472
0 0.46558776584061035 0.8652764439566472 0.49731535761877105 0.8897751994198696
0 0.16246723516002912 0.8216686592321111 0.1976116445142994 0.8510671657879779
