0 0.1549565473560171 0.11415525114155252 0.19089703932832525 0.15749761922203503
0 0.4642804536750626 0.13674211901448002 0.4996317572543821 0.17520083998730251
0 0.13138901163647076 0.48348106365834004 0.1673295036087789 0.5194979610773326
0 0.4766534099278244 0.48714379898908505 0.5125939019001325 0.5249920640734501
0 0.4996317572543821 0.504236563865895 0.5296803652968037 0.5365907259541426
0 0.8560334528076464 0.13510454686925275 0.8911930363543267 0.17082590612002377
0 0.8396484041645331 0.511063011063011 0.8748079877112135 0.5450159861924567
0 0.8376002730841441 0.8813626460685284 0.8741252773510838 0.9192060662648898
0 0.4682539682539682 0.8778258778258777 0.504778972520908 0.9135472370766488
0 0.4655231268134493 0.9128398834281187 0.4982932240996757 0.938304614775203
0 0.15727939921488307 0.8650935121523357 0.19482846902201736 0.9011685482273717
