0 0.13917690732206864 0.027591382659367825 0.17331242532855437 0.06290835246335864
0 0.1871799795186892 0.1065027370651598 0.22131549752517496 0.14016422390958855
0 0.11570873869260967 0.1484416387073989 0.1482441542925414 0.1787921596327035
0 0.48906596688854753 0.06290835246335864 0.5280017921146953 0.09822532226734945
0 0.14184374466632532 0.4017305315203955 0.17064558798429766 0.4359438460180116
0 0.13864353985321728 0.3929012890693978 0.1791794674859191 0.4260109482606392
0 0.5173344427376685 0.5264435811407381 0.5461362860556409 0.5590014126787921
0 0.5408026113671275 0.5225807875684266 0.5680043522785458 0.5523794808405438
0 0.8149378030782206 0.036010325019995675 0.8486131609155012 0.07297195763348607
0 0.8079099023121794 0.39653772510240193 0.8398282849579497 0.43016675149664324
0 0.8210872162485066 0.7867556169563005 0.8571052076744676 0.8125075741050438
0 0.4620786187832361 0.746461378123561 0.4989750978049523 0.773122227877554
0 0.4723276407337128 0.7713044426670544 0.5112739241455244 0.7940267577982986
0 0.14055801532082365 0.7573302188613393 0.16910886218286597 0.7873236748345815
0 0.16559491179984537 0.7648285828546499 0.19787933094384708 0.7884597905911438
