0 0.10706065385107197 0.030205401125967594 0.14169259622351987 0.06649146727656577
0 0.470962448318486 0.15060916608022518 0.5071927880312007 0.185795654468684
0 0.11824943523293975 0.3787715517241379 0.14861898469800944 0.4156074067558058
0 0.1384958015429862 0.36007872976776917 0.16939815012147819 0.38591880717804367
0 0.48374962704062063 0.3996635292047854 0.5066599889177785 0.4403479064039409
0 0.4661672562976856 0.47828333919774807 0.4965368057627553 0.5112706720619282
0 0.1598077660798772 0.7020474137931033 0.19816930224628104 0.7333853800140745
0 0.13956139976983079 0.7405326354679802 0.17152934657516727 0.7768187016185784
0 0.47256084565875284 0.6992984693877551 0.5114551809385789 0.7328355911330049
0 0.5157175738459572 0.7069955137227305 0.5450215250841823 0.7416322132301195
0 0.8539723564445444 0.4067361210218353 0.8902772135157796 0.4357249892964179
0 0.8042692783113055 0.48255316112458974 0.8401419347031214 0.5155558726987298
0 0.8410063360619603 0.7541565577279864 0.8734213870184203 0.7818074782360497
0 0.7748796321107816 0.8482588839731696 0.8098878871437586 0.8906272299129442
0 0.8087483906937164 0.7000166535456912 0.8424933885479747 0.7170486889117664
