0 0.11078448578448577 0.128710146203981 0.14588452088452086 0.16614188832129648
0 0.12285012285012284 0.17990355821736834 0.1574017199017199 0.20577549762198347
0 0.4678176553176553 0.17439889025893962 0.5007239382239381 0.2052250308261406
0 0.1464329589329589 0.4892658974810639 0.18427518427518425 0.523945305619165
0 0.4892067392067391 0.5068808349480359 0.5215645840645841 0.5437621102695086
0 0.12559231309231308 0.8333076448828607 0.16124078624078625 0.866335652633433
0 0.4952395577395577 0.8173441078034173 0.5297911547911547 0.8525739827373613
0 0.7665063516127345 0.1684550200697852 0.795911966124732 0.20518403861793952
0 0.8024465471273982 0.48786630637248474 0.8331590778399289 0.5193483222709028
0 0.8305452454388624 0.4806516777290972 0.8658319828532594 0.5186924469396856
0 0.807674211929531 0.8295773539365637 0.8390402007423284 0.8604034945037647
