0 0.14582928251993 0.12019214786742465 0.1782357897465811 0.15676008111432468
0 0.2014604532590144 0.15121948516782469 0.23980815347721818 0.1861252396307747
0 0.4952794521139845 0.1628547366554747 0.5271458508868581 0.2027470274702747
0 0.15015015015015015 0.511358221690325 0.18417698273813382 0.540169320612125
0 0.529306284701968 0.4742362288487749 0.5606325750210642 0.508033864122425
0 0.19659947717501672 0.8365912037498753 0.2284658759478903 0.8670644814556253
0 0.5131030310886425 0.8227397138836252 0.5471298636766262 0.8521048724000753
0 0.8420290794391514 0.8454561572642753 0.8609328753213645 0.8831322097004753
0 0.8144835482964978 0.48365524195782494 0.8474301639769265 0.5146825792582249
0 0.8296065850022685 0.14069235286947468 0.8663339598591396 0.17836840530567472
